   0.000000e+00                nan    0.000000e+00       nan       nan       nan       nan
   5.000000e-03       4.0000000000    0.000000e+00 1.925930e-32 0.000000e+00 1.000000e+00 7.703720e-32
   1.000000e-02       4.0000000002    0.000000e+00 1.247341e-32 0.000000e+00 1.000000e+00 8.979648e-32
   1.500000e-02       4.0000000027    0.000000e+00 3.254822e-32 0.000000e+00 1.000000e+00 1.509929e-31
   2.000000e-02       4.0000000153    0.000000e+00 1.714078e-32 0.000000e+00 1.000000e+00 2.465190e-32
   2.500000e-02       4.0000001166    0.000000e+00 1.540744e-32 0.000000e+00 1.000000e+00 1.633189e-31
   3.000000e-02       4.0000003473    0.000000e+00 2.407412e-32 0.000000e+00 1.000000e+00 5.007418e-32
   3.500000e-02       4.0000008730    0.000000e+00 3.466674e-32 0.000000e+00 1.000000e+00 1.602374e-31
   4.000000e-02       4.0000019381    0.000000e+00 2.727147e-33 0.000000e+00 1.000000e+00 1.307827e-31
   4.500000e-02       4.0000039125    0.000000e+00 3.129636e-33 0.000000e+00 1.000000e+00 3.851860e-31
   5.000000e-02       4.0000073276    0.000000e+00 6.162976e-33 0.000000e+00 1.000000e+00 1.309632e-32
   5.500000e-02       4.0000129142    0.000000e+00 1.858522e-31 0.000000e+00 1.000000e+00 1.509929e-31
   6.000000e-02       4.0000216435    0.000000e+00 1.117039e-31 0.000000e+00 1.000000e+00 1.097010e-30
   6.500000e-02       4.0000347708    0.000000e+00 2.850376e-32 0.000000e+00 1.000000e+00 2.859621e-30
   7.000000e-02       4.0000538791    0.000000e+00 6.856311e-32 0.000000e+00 1.000000e+00 2.721724e-30
   7.500000e-02       4.0000809248    0.000000e+00 3.562970e-32 0.000000e+00 1.000000e+00 7.017318e-30
   8.000000e-02       4.0001182820    0.000000e+00 5.050751e-32 0.000000e+00 1.000000e+00 1.166728e-29
   8.500000e-02       4.0001687875    0.000000e+00 5.700753e-32 0.000000e+00 1.000000e+00 1.462166e-29
   9.000000e-02       4.0002357828    0.000000e+00 3.081488e-32 0.000000e+00 1.000000e+00 2.174298e-29
   9.500000e-02       4.0003231554    0.000000e+00 8.705203e-32 0.000000e+00 1.000000e+00 2.632072e-29
   1.000000e-01       4.0004353757    0.000000e+00 8.899000e-32 0.000000e+00 1.000000e+00 3.564222e-29
   1.050000e-01       4.0005775317    0.000000e+00 9.557427e-32 0.000000e+00 1.000000e+00 5.001274e-29
   1.100000e-01       4.0007553581    0.000000e+00 9.437057e-33 0.000000e+00 1.000000e+00 4.870985e-29
   1.150000e-01       4.0009752615    0.000000e+00 2.716043e-31 0.000000e+00 1.000000e+00 7.280709e-29
   1.200000e-01       4.0012443390    0.000000e+00 9.750020e-32 0.000000e+00 1.000000e+00 8.915669e-29
   1.250000e-01       4.0015703916    0.000000e+00 1.203706e-31 0.000000e+00 1.000000e+00 1.010921e-28
   1.300000e-01       4.0019619303    0.000000e+00 1.702522e-31 0.000000e+00 1.000000e+00 1.316566e-28
   1.350000e-01       4.0024281749    0.000000e+00 2.166671e-31 0.000000e+00 1.000000e+00 1.524998e-28
   1.400000e-01       4.0029790460    0.000000e+00 1.047706e-31 0.000000e+00 1.000000e+00 1.739685e-28
   1.450000e-01       4.0036251484    0.000000e+00 2.442079e-31 0.000000e+00 1.000000e+00 2.017327e-28
   1.500000e-01       4.0043777463    0.000000e+00 1.088150e-31 0.000000e+00 1.000000e+00 2.066939e-28
   1.550000e-01       4.0052487309    0.000000e+00 1.812300e-31 0.000000e+00 1.000000e+00 2.291889e-28
   1.600000e-01       4.0062505786    0.000000e+00 1.328036e-31 0.000000e+00 1.000000e+00 2.424935e-28
   1.650000e-01       4.0073963012    0.000000e+00 2.400190e-31 0.000000e+00 1.000000e+00 2.410502e-28
   1.700000e-01       4.0086993882    0.000000e+00 1.124743e-31 0.000000e+00 1.000000e+00 2.600067e-28
   1.750000e-01       4.0101737395    0.000000e+00 1.047706e-31 0.000000e+00 1.000000e+00 2.340852e-28
   1.800000e-01       4.0118335914    0.000000e+00 5.238529e-32 0.000000e+00 1.000000e+00 2.096005e-28
   1.850000e-01       4.0136934340    0.000000e+00 1.558077e-31 0.000000e+00 1.000000e+00 1.911957e-28
   1.900000e-01       4.0157679218    0.000000e+00 6.668532e-32 0.000000e+00 1.000000e+00 1.415730e-28
   1.950000e-01       4.0180717776    0.000000e+00 1.733337e-31 0.000000e+00 1.000000e+00 1.106901e-28
   2.000000e-01       4.0206196893    0.000000e+00 7.703720e-32 0.000000e+00 1.000000e+00 7.988757e-29
   2.050000e-01       4.0234262020    0.000000e+00 4.588528e-32 0.000000e+00 1.000000e+00 4.697728e-29
   2.100000e-01       4.0265056050    0.000000e+00 1.841671e-31 0.000000e+00 1.000000e+00 2.555035e-29
   2.150000e-01       4.0298718143    0.000000e+00 6.162976e-32 0.000000e+00 1.000000e+00 8.014950e-30
   2.200000e-01       4.0335382525    0.000000e+00 1.540744e-31 0.000000e+00 1.000000e+00 2.850376e-32
   2.250000e-01       4.0375177254    0.000000e+00 1.128144e-31 0.000000e+00 1.000000e+00 3.054525e-30
   2.300000e-01       4.0418222982    0.000000e+00 8.705203e-32 0.000000e+00 1.000000e+00 1.398379e-29
   2.350000e-01       4.0464631703    0.000000e+00 8.165943e-32 0.000000e+00 1.000000e+00 3.000753e-29
   2.400000e-01       4.0514505518    0.000000e+00 8.401869e-32 0.000000e+00 1.000000e+00 3.466328e-29
   2.450000e-01       4.0567935399    0.000000e+00 3.948156e-32 0.000000e+00 1.000000e+00 3.353275e-29
   2.500000e-01       4.0625000000    0.000000e+00 2.234079e-31 0.000000e+00 1.000000e+00 2.729967e-29
   2.550000e-01       4.0685764485    0.000000e+00 6.668532e-32 0.000000e+00 1.000000e+00 1.018509e-29
   2.600000e-01       4.0750279417    0.000000e+00 1.018817e-31 0.000000e+00 1.000000e+00 3.565282e-30
   2.650000e-01       4.0818579701    0.000000e+00 1.897161e-31 0.000000e+00 1.000000e+00 2.818707e-30
   2.700000e-01       4.0890683591    0.000000e+00 4.699269e-32 0.000000e+00 1.000000e+00 9.346153e-30
   2.750000e-01       4.0966591778    0.000000e+00 8.011869e-32 0.000000e+00 1.000000e+00 1.413344e-29
   2.800000e-01       4.1046286564    0.000000e+00 3.331859e-32 0.000000e+00 1.000000e+00 7.595868e-30
   2.850000e-01       4.1129731133    0.000000e+00 7.703720e-32 0.000000e+00 1.000000e+00 2.607709e-30
   2.900000e-01       4.1216868925    0.000000e+00 2.619265e-32 0.000000e+00 1.000000e+00 2.526820e-31
   2.950000e-01       4.1307623120    0.000000e+00 2.166671e-31 0.000000e+00 1.000000e+00 8.209854e-30
   3.000000e-01       4.1401896243    0.000000e+00 1.468522e-32 0.000000e+00 1.000000e+00 1.479422e-29
   3.050000e-01       4.1499569894    0.000000e+00 8.011869e-32 0.000000e+00 1.000000e+00 1.560774e-29
   3.100000e-01       4.1600504605    0.000000e+00 1.319262e-31 0.000000e+00 1.000000e+00 1.281899e-29
   3.150000e-01       4.1704539837    0.000000e+00 1.540744e-32 0.000000e+00 1.000000e+00 2.693991e-30
   3.200000e-01       4.1811494105    0.000000e+00 1.342373e-31 0.000000e+00 1.000000e+00 8.443277e-31
   3.250000e-01       4.1921165257    0.000000e+00 7.645942e-32 0.000000e+00 1.000000e+00 5.007418e-30
   3.300000e-01       4.2033330877    0.000000e+00 1.925930e-32 0.000000e+00 1.000000e+00 1.422415e-29
   3.350000e-01       4.2147748849    0.000000e+00 1.665929e-31 0.000000e+00 1.000000e+00 1.712041e-29
   3.400000e-01       4.2264158043    0.000000e+00 7.260756e-32 0.000000e+00 1.000000e+00 5.799360e-30
   3.450000e-01       4.2382279155    0.000000e+00 7.260756e-32 0.000000e+00 1.000000e+00 4.837936e-31
   3.500000e-01       4.2501815672    0.000000e+00 1.938569e-31 0.000000e+00 1.000000e+00 2.145486e-30
   3.550000e-01       4.2622454978    0.000000e+00 7.703720e-33 0.000000e+00 1.000000e+00 1.273271e-29
   3.600000e-01       4.2743869575    0.000000e+00 1.581188e-31 0.000000e+00 1.000000e+00 1.337135e-29
   3.650000e-01       4.2865718438    0.000000e+00 2.188338e-31 0.000000e+00 1.000000e+00 3.162377e-30
   3.700000e-01       4.2987648473    0.000000e+00 1.117039e-31 0.000000e+00 1.000000e+00 7.703720e-31
   3.750000e-01       4.3109296084    0.000000e+00 1.001484e-32 0.000000e+00 1.000000e+00 6.954918e-30
   3.800000e-01       4.3230288834    0.000000e+00 1.761383e-31 0.000000e+00 1.000000e+00 1.008032e-29
   3.850000e-01       4.3350247198    0.000000e+00 8.570388e-32 0.000000e+00 1.000000e+00 2.724035e-30
   3.900000e-01       4.3468786384    0.000000e+00 7.703720e-33 0.000000e+00 1.000000e+00 4.198527e-31
   3.950000e-01       4.3585518222    0.000000e+00 1.066123e-31 0.000000e+00 1.000000e+00 4.511491e-30
   4.000000e-01       4.3700053107    0.000000e+00 1.126669e-31 0.000000e+00 1.000000e+00 5.216959e-30
   4.050000e-01       4.3812001983    0.000000e+00 2.503709e-33 0.000000e+00 1.000000e+00 2.095412e-30
   4.100000e-01       4.3920978343    0.000000e+00 7.125941e-33 0.000000e+00 1.000000e+00 9.860761e-32
   4.150000e-01       4.4026600264    0.000000e+00 1.209484e-31 0.000000e+00 1.000000e+00 2.376020e-30
   4.200000e-01       4.4128492420    0.000000e+00 9.340760e-32 0.000000e+00 1.000000e+00 2.755621e-30
   4.250000e-01       4.4226288100    0.000000e+00 1.309632e-32 0.000000e+00 1.000000e+00 1.747974e-30
   4.300000e-01       4.4319631189    0.000000e+00 2.619265e-32 0.000000e+00 1.000000e+00 9.860761e-32
   4.350000e-01       4.4408178116    0.000000e+00 2.349635e-31 0.000000e+00 1.000000e+00 2.918939e-30
   4.400000e-01       4.4491599741    0.000000e+00 3.317414e-32 0.000000e+00 1.000000e+00 3.156214e-30
   4.450000e-01       4.4569583189    0.000000e+00 5.440752e-33 0.000000e+00 1.000000e+00 5.409937e-31
   4.500000e-01       4.4641833588    0.000000e+00 6.591495e-32 0.000000e+00 1.000000e+00 3.728600e-31
   4.550000e-01       4.4708075735    0.000000e+00 1.018817e-31 0.000000e+00 1.000000e+00 4.369550e-30
   4.600000e-01       4.4768055644    0.000000e+00 4.410380e-32 0.000000e+00 1.000000e+00 2.323442e-30
   4.650000e-01       4.4821541993    0.000000e+00 1.386670e-32 0.000000e+00 1.000000e+00 3.266377e-31
   4.700000e-01       4.4868327438    0.000000e+00 1.203706e-31 0.000000e+00 1.000000e+00 2.418968e-30
   4.750000e-01       4.4908229802    0.000000e+00 1.920152e-31 0.000000e+00 1.000000e+00 1.753367e-30
   4.800000e-01       4.4941093121    0.000000e+00 1.494522e-31 0.000000e+00 1.000000e+00 1.486818e-31
   4.850000e-01       4.4966788540    0.000000e+00 6.721496e-32 0.000000e+00 1.000000e+00 1.757218e-30
   4.900000e-01       4.4985215060    0.000000e+00 1.147854e-31 0.000000e+00 1.000000e+00 4.144601e-30
   4.950000e-01       4.4996300116    0.000000e+00 1.540744e-31 0.000000e+00 1.000000e+00 5.369493e-31
   5.000000e-01       4.5000000000    0.000000e+00 1.109817e-31 0.000000e+00 1.000000e+00 1.847545e-30
   5.050000e-01       4.4996300116    0.000000e+00 2.716765e-32 0.000000e+00 1.000000e+00 1.966037e-30
   5.100000e-01       4.4985215060    0.000000e+00 3.243706e-32 0.000000e+00 1.000000e+00 3.829983e-31
   5.150000e-01       4.4966788540    0.000000e+00 1.006787e-31 0.000000e+00 1.000000e+00 1.292230e-30
   5.200000e-01       4.4941093121    0.000000e+00 1.721001e-31 0.000000e+00 1.000000e+00 3.429426e-30
   5.250000e-01       4.4908229802    0.000000e+00 4.229899e-32 0.000000e+00 1.000000e+00 1.802096e-30
   5.300000e-01       4.4868327438    0.000000e+00 1.925930e-32 0.000000e+00 1.000000e+00 2.958421e-30
   5.350000e-01       4.4821541993    0.000000e+00 5.663438e-32 0.000000e+00 1.000000e+00 3.118658e-30
   5.400000e-01       4.4768055644    0.000000e+00 8.787055e-32 0.000000e+00 1.000000e+00 5.348307e-31
   5.450000e-01       4.4708075735    0.000000e+00 7.053718e-32 0.000000e+00 1.000000e+00 1.428462e-30
   5.500000e-01       4.4641833588    0.000000e+00 5.334826e-32 0.000000e+00 1.000000e+00 2.194019e-30
   5.550000e-01       4.4569583189    0.000000e+00 4.256305e-32 0.000000e+00 1.000000e+00 6.162976e-31
   5.600000e-01       4.4491599741    0.000000e+00 4.333342e-32 0.000000e+00 1.000000e+00 2.150879e-30
   5.650000e-01       4.4408178116    0.000000e+00 9.398538e-32 0.000000e+00 1.000000e+00 1.925930e-30
   5.700000e-01       4.4319631189    0.000000e+00 6.259272e-32 0.000000e+00 1.000000e+00 9.121204e-31
   5.750000e-01       4.4226288100    0.000000e+00 2.407412e-32 0.000000e+00 1.000000e+00 1.948271e-30
   5.800000e-01       4.4128492420    0.000000e+00 3.794082e-32 0.000000e+00 1.000000e+00 5.646827e-31
   5.850000e-01       4.4026600264    0.000000e+00 2.850376e-32 0.000000e+00 1.000000e+00 5.440752e-31
   5.900000e-01       4.3920978343    0.000000e+00 2.792598e-32 0.000000e+00 1.000000e+00 7.956506e-31
   5.950000e-01       4.3812001983    0.000000e+00 4.930381e-32 0.000000e+00 1.000000e+00 3.204747e-31
   6.000000e-01       4.3700053107    0.000000e+00 3.562970e-32 0.000000e+00 1.000000e+00 8.905500e-31
   6.050000e-01       4.3585518222    0.000000e+00 3.851860e-32 0.000000e+00 1.000000e+00 1.309632e-30
   6.100000e-01       4.3468786384    0.000000e+00 1.309632e-32 0.000000e+00 1.000000e+00 4.005934e-31
   6.150000e-01       4.3350247198    0.000000e+00 4.814825e-33 0.000000e+00 1.000000e+00 1.674018e-30
   6.200000e-01       4.3230288834    0.000000e+00 2.341209e-32 0.000000e+00 1.000000e+00 8.235276e-31
   6.250000e-01       4.3109296084    0.000000e+00 5.432326e-32 0.000000e+00 1.000000e+00 9.030686e-31
   6.300000e-01       4.2987648473    0.000000e+00 1.925930e-32 0.000000e+00 1.000000e+00 7.056607e-31
   6.350000e-01       4.2865718438    0.000000e+00 4.699269e-32 0.000000e+00 1.000000e+00 3.728600e-31
   6.400000e-01       4.2743869575    0.000000e+00 1.174817e-32 0.000000e+00 1.000000e+00 6.971866e-31
   6.450000e-01       4.2622454978    0.000000e+00 1.925930e-32 0.000000e+00 1.000000e+00 3.514822e-31
   6.500000e-01       4.2501815672    0.000000e+00 3.794082e-32 0.000000e+00 1.000000e+00 5.533197e-31
   6.550000e-01       4.2382279155    0.000000e+00 3.023710e-32 0.000000e+00 1.000000e+00 8.936315e-31
   6.600000e-01       4.2264158043    0.000000e+00 8.011869e-32 0.000000e+00 1.000000e+00 4.837936e-31
   6.650000e-01       4.2147748849    0.000000e+00 3.466674e-32 0.000000e+00 1.000000e+00 8.512610e-31
   6.700000e-01       4.2033330877    0.000000e+00 7.417840e-33 0.000000e+00 1.000000e+00 1.120554e-30
   6.750000e-01       4.1921165257    0.000000e+00 6.981496e-33 0.000000e+00 1.000000e+00 1.047706e-30
   6.800000e-01       4.1811494105    0.000000e+00 1.925930e-34 0.000000e+00 1.000000e+00 1.482196e-30
   6.850000e-01       4.1704539837    0.000000e+00 4.814825e-33 0.000000e+00 1.000000e+00 5.238529e-31
   6.900000e-01       4.1600504605    0.000000e+00 8.666685e-33 0.000000e+00 1.000000e+00 1.128595e-30
   6.950000e-01       4.1499569894    0.000000e+00 7.703720e-33 0.000000e+00 1.000000e+00 9.028760e-31
   7.000000e-01       4.1401896243    0.000000e+00 1.251854e-32 0.000000e+00 1.000000e+00 8.011869e-31
   7.050000e-01       4.1307623120    0.000000e+00 1.925930e-32 0.000000e+00 1.000000e+00 9.028760e-31
   7.100000e-01       4.1216868925    0.000000e+00 3.948156e-32 0.000000e+00 1.000000e+00 4.190824e-31
   7.150000e-01       4.1129731133    0.000000e+00 3.510007e-32 0.000000e+00 1.000000e+00 7.058533e-31
   7.200000e-01       4.1046286564    0.000000e+00 1.637040e-32 0.000000e+00 1.000000e+00 8.936315e-31
   7.250000e-01       4.0966591778    0.000000e+00 2.465190e-32 0.000000e+00 1.000000e+00 9.121204e-31
   7.300000e-01       4.0890683591    0.000000e+00 4.670380e-33 0.000000e+00 1.000000e+00 1.419218e-30
   7.350000e-01       4.0818579701    0.000000e+00 3.009266e-32 0.000000e+00 1.000000e+00 1.214299e-30
   7.400000e-01       4.0750279417    0.000000e+00 2.946673e-32 0.000000e+00 1.000000e+00 1.679411e-30
   7.450000e-01       4.0685764485    0.000000e+00 3.466674e-32 0.000000e+00 1.000000e+00 1.482196e-30
   7.500000e-01       4.0625000000    0.000000e+00 3.044173e-32 0.000000e+00 1.000000e+00 1.160192e-30
   7.550000e-01       4.0567935399    0.000000e+00 4.082971e-32 0.000000e+00 1.000000e+00 8.011869e-31
   7.600000e-01       4.0514505518    0.000000e+00 5.238529e-32 0.000000e+00 1.000000e+00 6.070531e-31
   7.650000e-01       4.0464631703    0.000000e+00 1.925930e-32 0.000000e+00 1.000000e+00 4.498972e-31
   7.700000e-01       4.0418222982    0.000000e+00 1.841971e-32 0.000000e+00 1.000000e+00 1.926411e-31
   7.750000e-01       4.0375177254    0.000000e+00 3.851860e-32 0.000000e+00 1.000000e+00 3.150821e-31
   7.800000e-01       4.0335382525    0.000000e+00 4.333342e-32 0.000000e+00 1.000000e+00 3.204747e-31
   7.850000e-01       4.0298718143    0.000000e+00 2.431487e-32 0.000000e+00 1.000000e+00 4.845640e-31
   7.900000e-01       4.0265056050    0.000000e+00 5.512974e-32 0.000000e+00 1.000000e+00 8.450981e-31
   7.950000e-01       4.0234262020    0.000000e+00 1.003410e-31 0.000000e+00 1.000000e+00 1.198699e-30
   8.000000e-01       4.0206196893    0.000000e+00 1.111262e-31 0.000000e+00 1.000000e+00 2.241012e-30
   8.050000e-01       4.0180717776    0.000000e+00 1.048789e-31 0.000000e+00 1.000000e+00 2.400672e-30
   8.100000e-01       4.0157679218    0.000000e+00 7.549645e-32 0.000000e+00 1.000000e+00 2.099264e-30
   8.150000e-01       4.0136934340    0.000000e+00 1.486818e-31 0.000000e+00 1.000000e+00 2.378909e-30
   8.200000e-01       4.0118335914    0.000000e+00 1.157484e-31 0.000000e+00 1.000000e+00 2.099264e-30
   8.250000e-01       4.0101737395    0.000000e+00 1.724657e-31 0.000000e+00 1.000000e+00 1.944527e-30
   8.300000e-01       4.0086993882    0.000000e+00 2.166671e-31 0.000000e+00 1.000000e+00 1.427499e-30
   8.350000e-01       4.0073963012    0.000000e+00 1.997189e-31 0.000000e+00 1.000000e+00 1.657840e-30
   8.400000e-01       4.0062505786    0.000000e+00 2.519598e-31 0.000000e+00 1.000000e+00 1.386670e-30
   8.450000e-01       4.0052487309    0.000000e+00 2.631904e-31 0.000000e+00 1.000000e+00 1.223351e-30
   8.500000e-01       4.0043777463    0.000000e+00 2.811858e-31 0.000000e+00 1.000000e+00 1.075439e-30
   8.550000e-01       4.0036251484    0.000000e+00 2.983265e-31 0.000000e+00 1.000000e+00 1.334284e-30
   8.600000e-01       4.0029790460    0.000000e+00 1.975162e-31 0.000000e+00 1.000000e+00 1.502274e-30
   8.650000e-01       4.0024281749    0.000000e+00 3.964045e-31 0.000000e+00 1.000000e+00 1.165573e-30
   8.700000e-01       4.0019619303    0.000000e+00 2.811858e-31 0.000000e+00 1.000000e+00 1.503766e-30
   8.750000e-01       4.0015703916    0.000000e+00 3.674674e-31 0.000000e+00 1.000000e+00 9.121204e-31
   8.800000e-01       4.0012443390    0.000000e+00 4.879195e-31 0.000000e+00 1.000000e+00 1.238825e-30
   8.850000e-01       4.0009752615    0.000000e+00 4.506676e-31 0.000000e+00 1.000000e+00 1.168654e-30
   8.900000e-01       4.0007553581    0.000000e+00 4.932307e-31 0.000000e+00 1.000000e+00 8.905500e-31
   8.950000e-01       4.0005775317    0.000000e+00 4.560602e-31 0.000000e+00 1.000000e+00 6.409495e-31
   9.000000e-01       4.0004353757    0.000000e+00 4.900047e-31 0.000000e+00 1.000000e+00 6.162976e-31
   9.050000e-01       4.0003231554    0.000000e+00 5.007418e-31 0.000000e+00 1.000000e+00 3.081488e-31
   9.100000e-01       4.0002357828    0.000000e+00 4.092601e-31 0.000000e+00 1.000000e+00 1.972152e-31
   9.150000e-01       4.0001687875    0.000000e+00 4.061907e-31 0.000000e+00 1.000000e+00 1.683744e-31
   9.200000e-01       4.0001182820    0.000000e+00 4.953973e-31 0.000000e+00 1.000000e+00 3.458970e-31
   9.250000e-01       4.0000809248    0.000000e+00 4.699269e-31 0.000000e+00 1.000000e+00 4.005934e-31
   9.300000e-01       4.0000538791    0.000000e+00 5.377196e-31 0.000000e+00 1.000000e+00 3.089192e-31
   9.350000e-01       4.0000347708    0.000000e+00 4.436081e-31 0.000000e+00 1.000000e+00 2.074738e-31
   9.400000e-01       4.0000216435    0.000000e+00 3.851860e-31 0.000000e+00 1.000000e+00 5.238529e-31
   9.450000e-01       4.0000129142    0.000000e+00 4.601047e-31 0.000000e+00 1.000000e+00 7.549645e-31
   9.500000e-01       4.0000073276    0.000000e+00 3.630378e-31 0.000000e+00 1.000000e+00 9.560316e-31
   9.550000e-01       4.0000039125    0.000000e+00 3.851860e-31 0.000000e+00 1.000000e+00 9.446686e-31
   9.600000e-01       4.0000019381    0.000000e+00 4.454676e-31 0.000000e+00 1.000000e+00 7.210682e-31
   9.650000e-01       4.0000008730    0.000000e+00 5.510086e-31 0.000000e+00 1.000000e+00 9.899280e-31
   9.700000e-01       4.0000003473    0.000000e+00 6.620505e-31 0.000000e+00 1.000000e+00 8.100943e-31
   9.750000e-01       4.0000001166    0.000000e+00 6.162976e-31 0.000000e+00 1.000000e+00 9.182834e-31
   9.800000e-01       4.0000000153    0.000000e+00 5.978087e-31 0.000000e+00 1.000000e+00 1.001484e-30
   9.850000e-01       4.0000000027    0.000000e+00 5.425345e-31 0.000000e+00 1.000000e+00 7.210682e-31
   9.900000e-01       4.0000000002    0.000000e+00 4.129675e-31 0.000000e+00 1.000000e+00 1.021429e-30
   9.950000e-01       4.0000000000    0.000000e+00 5.277048e-31 0.000000e+00 1.000000e+00 1.041543e-30
   1.000000e+00       4.0000000000    0.000000e+00 5.009344e-31 0.000000e+00 1.000000e+00 7.549645e-31
