# --------------------------------------------------------
#       t_k              <E(t_k)>       <Pn(t_k)>     State fidelity -->
# --------------------------------------------------------
   0.000000e+00      -0.8284271247    1.000000e+00 0.000000e+00 0.000000e+00 0.000000e+00 0.000000e+00
   5.000000e-03      -0.7884271247    1.000000e+00 8.552847e-47 0.000000e+00 6.650935e-15 1.718780e-45
   1.000000e-02      -0.7484271247    1.000000e+00 2.316522e-44 0.000000e+00 7.550791e-13 2.907804e-43
   1.500000e-02      -0.7084271248    1.000000e+00 4.668076e-43 0.000000e+00 1.047560e-11 5.428630e-42
   2.000000e-02      -0.6684271249    1.000000e+00 4.596259e-43 0.000000e+00 6.633971e-11 4.919118e-41
   2.500000e-02      -0.6284271083    1.000000e+00 7.174648e-43 0.000000e+00 2.868746e-10 1.621470e-40
   3.000000e-02      -0.5884270763    1.000000e+00 4.107486e-41 0.000000e+00 9.613396e-10 5.739719e-40
   3.500000e-02      -0.5484270042    1.000000e+00 3.515578e-41 0.000000e+00 2.690845e-09 3.375672e-39
   4.000000e-02      -0.5084268599    1.000000e+00 1.324732e-40 0.000000e+00 6.623932e-09 7.198728e-39
   4.500000e-02      -0.4684265957    1.000000e+00 1.147944e-40 0.000000e+00 1.472933e-08 8.494783e-39
   5.000000e-02      -0.4284261448    1.000000e+00 2.390593e-39 0.000000e+00 3.021584e-08 3.563217e-38
   5.500000e-02      -0.3884254169    9.999999e-01 1.507250e-38 0.000000e+00 5.810021e-08 1.963443e-37
   6.000000e-02      -0.3484242952    9.999999e-01 3.673420e-40 0.000000e+00 1.057694e-07 6.219100e-37
   6.500000e-02      -0.3084226324    9.999998e-01 1.033149e-38 0.000000e+00 1.839001e-07 1.114516e-36
   7.000000e-02      -0.2684202476    9.999997e-01 1.506102e-38 0.000000e+00 3.074937e-07 1.469368e-36
   7.500000e-02      -0.2284169238    9.999995e-01 2.663229e-38 0.000000e+00 4.968536e-07 3.045265e-36
   8.000000e-02      -0.1884124055    9.999992e-01 9.298344e-38 0.000000e+00 7.792512e-07 5.507191e-36
   8.500000e-02      -0.1484063977    9.999988e-01 2.387723e-39 0.000000e+00 1.190568e-06 1.256971e-35
   9.000000e-02      -0.1083985649    9.999982e-01 1.469368e-37 0.000000e+00 1.776801e-06 2.535615e-35
   9.500000e-02      -0.0683885321    9.999974e-01 1.609417e-37 0.000000e+00 2.596706e-06 4.378716e-35
   1.000000e-01      -0.0283758858    9.999963e-01 1.704467e-37 0.000000e+00 3.724251e-06 7.692435e-35
   1.050000e-01       0.0116398226    9.999947e-01 6.996028e-37 0.000000e+00 5.250674e-06 1.376063e-34
   1.100000e-01       0.0516590737    9.999927e-01 2.543843e-37 0.000000e+00 7.288275e-06 2.665441e-34
   1.150000e-01       0.0916823742    9.999900e-01 2.236378e-36 0.000000e+00 9.973985e-06 5.240148e-34
   1.200000e-01       0.1317102502    9.999865e-01 2.154093e-36 0.000000e+00 1.347193e-05 9.245616e-34
   1.250000e-01       0.1717432398    9.999820e-01 1.716222e-36 0.000000e+00 1.797828e-05 1.551747e-33
   1.300000e-01       0.2117818830    9.999763e-01 2.597843e-36 0.000000e+00 2.372642e-05 2.322448e-33
   1.350000e-01       0.2518267108    9.999690e-01 2.350989e-36 0.000000e+00 3.099001e-05 3.275633e-33
   1.400000e-01       0.2918782335    9.999599e-01 2.938736e-36 0.000000e+00 4.008831e-05 4.796769e-33
   1.450000e-01       0.3319369267    9.999486e-01 6.112571e-36 0.000000e+00 5.139335e-05 6.503399e-33
   1.500000e-01       0.3720032167    9.999347e-01 4.102475e-36 0.000000e+00 6.533406e-05 9.167210e-33
   1.550000e-01       0.4120774639    9.999176e-01 3.996681e-36 0.000000e+00 8.240086e-05 1.164285e-32
   1.600000e-01       0.4521599469    9.998968e-01 6.117392e-36 0.000000e+00 1.031544e-04 1.411330e-32
   1.650000e-01       0.4922508442    9.998718e-01 2.350989e-37 0.000000e+00 1.282322e-04 1.693168e-32
   1.700000e-01       0.5323502148    9.998416e-01 2.449730e-35 0.000000e+00 1.583515e-04 2.060218e-32
   1.750000e-01       0.5724579804    9.998057e-01 8.463559e-36 0.000000e+00 1.943179e-04 2.480914e-32
   1.800000e-01       0.6125739062    9.997630e-01 1.735030e-35 0.000000e+00 2.370341e-04 2.684660e-32
   1.850000e-01       0.6526975807    9.997125e-01 3.443023e-35 0.000000e+00 2.875049e-04 2.649813e-32
   1.900000e-01       0.6928283965    9.996532e-01 4.768981e-35 0.000000e+00 3.468399e-04 2.117789e-32
   1.950000e-01       0.7329655333    9.995837e-01 5.962107e-35 0.000000e+00 4.162644e-04 1.801346e-32
   2.000000e-01       0.7731079393    9.995029e-01 4.908864e-35 0.000000e+00 4.971266e-04 1.233799e-32
   2.050000e-01       0.8132543138    9.994091e-01 2.713041e-35 0.000000e+00 5.908992e-04 6.965133e-33
   2.100000e-01       0.8534030927    9.993008e-01 1.757129e-34 0.000000e+00 6.991830e-04 2.461579e-33
   2.150000e-01       0.8935524353    9.991763e-01 3.009266e-35 0.000000e+00 8.237157e-04 1.330095e-33
   2.200000e-01       0.9337002122    9.990336e-01 2.384843e-34 0.000000e+00 9.663778e-04 5.789827e-33
   2.250000e-01       0.9738439949    9.988708e-01 4.838629e-35 0.000000e+00 1.129190e-03 1.439323e-32
   2.300000e-01       1.0139810494    9.986857e-01 6.940119e-35 0.000000e+00 1.314315e-03 2.477528e-32
   2.350000e-01       1.0541083319    9.984759e-01 3.987277e-35 0.000000e+00 1.524061e-03 3.472692e-32
   2.400000e-01       1.0942224872    9.982391e-01 3.178537e-35 0.000000e+00 1.760889e-03 4.058789e-32
   2.450000e-01       1.1343198482    9.979726e-01 2.678246e-34 0.000000e+00 2.027402e-03 3.258734e-32
   2.500000e-01       1.1743964407    9.976737e-01 5.328281e-34 0.000000e+00 2.326345e-03 2.400190e-32
   2.550000e-01       1.2144479912    9.973394e-01 5.057447e-34 0.000000e+00 2.660601e-03 1.342810e-32
   2.600000e-01       1.2544699364    9.969668e-01 3.799198e-34 0.000000e+00 3.033197e-03 1.023150e-32
   2.650000e-01       1.2944574355    9.965527e-01 1.107903e-34 0.000000e+00 3.447294e-03 1.501553e-32
   2.700000e-01       1.3344053853    9.960938e-01 2.783571e-35 0.000000e+00 3.906174e-03 2.138986e-32
   2.750000e-01       1.3743084389    9.955868e-01 2.319015e-34 0.000000e+00 4.413235e-03 1.450466e-32
   2.800000e-01       1.4141610275    9.950280e-01 4.589130e-35 0.000000e+00 4.971992e-03 6.608347e-33
   2.850000e-01       1.4539573808    9.944139e-01 1.456485e-33 0.000000e+00 5.586071e-03 2.723385e-33
   2.900000e-01       1.4936915518    9.937408e-01 1.745374e-34 0.000000e+00 6.259193e-03 1.396299e-32
   2.950000e-01       1.5333574415    9.930048e-01 1.734089e-33 0.000000e+00 6.995158e-03 5.281863e-32
   3.000000e-01       1.5729488270    9.922021e-01 1.035940e-33 0.000000e+00 7.797850e-03 6.562907e-32
   3.050000e-01       1.6124593878    9.913288e-01 3.979754e-34 0.000000e+00 8.671228e-03 4.050471e-32
   3.100000e-01       1.6518827331    9.903807e-01 2.636869e-33 0.000000e+00 9.619320e-03 1.243429e-32
   3.150000e-01       1.6912124272    9.893538e-01 2.655677e-34 0.000000e+00 1.064621e-02 4.962279e-33
   3.200000e-01       1.7304420167    9.882440e-01 1.023150e-33 0.000000e+00 1.175604e-02 2.764913e-32
   3.250000e-01       1.7695650552    9.870470e-01 1.095561e-33 0.000000e+00 1.295299e-02 4.122694e-32
   3.300000e-01       1.8085751278    9.857587e-01 6.018531e-35 0.000000e+00 1.424129e-02 5.132603e-32
   3.350000e-01       1.8474658720    9.843748e-01 1.923109e-33 0.000000e+00 1.562525e-02 2.337898e-32
   3.400000e-01       1.8862309962    9.828908e-01 3.641211e-34 0.000000e+00 1.710920e-02 9.629650e-34
   3.450000e-01       1.9248642976    9.813025e-01 1.351160e-33 0.000000e+00 1.869754e-02 2.057134e-32
   3.500000e-01       1.9633596765    9.796053e-01 1.781485e-33 0.000000e+00 2.039474e-02 2.518454e-32
   3.550000e-01       2.0017111492    9.777947e-01 8.787055e-34 0.000000e+00 2.220533e-02 3.428155e-32
   3.600000e-01       2.0399128568    9.758661e-01 4.935195e-33 0.000000e+00 2.413394e-02 1.474540e-32
   3.650000e-01       2.0779590709    9.738147e-01 4.480796e-33 0.000000e+00 2.618533e-02 8.293536e-33
   3.700000e-01       2.1158441966    9.716356e-01 4.935195e-34 0.000000e+00 2.836436e-02 3.476304e-32
   3.750000e-01       2.1535627738    9.693240e-01 4.363435e-34 0.000000e+00 3.067605e-02 7.964924e-32
   3.800000e-01       2.1911094754    9.668744e-01 4.069279e-33 0.000000e+00 3.312559e-02 4.338157e-32
   3.850000e-01       2.2284791039    9.642816e-01 1.203706e-34 0.000000e+00 3.571839e-02 7.174089e-33
   3.900000e-01       2.2656665843    9.615399e-01 8.666685e-34 0.000000e+00 3.846009e-02 3.428155e-32
   3.950000e-01       2.3026669559    9.586434e-01 3.371130e-33 0.000000e+00 4.135661e-02 5.711586e-32
   4.000000e-01       2.3394753612    9.555858e-01 3.084497e-33 0.000000e+00 4.441418e-02 1.821208e-32
   4.050000e-01       2.3760870347    9.523606e-01 6.018531e-35 0.000000e+00 4.763937e-02 5.007418e-33
   4.100000e-01       2.4124972898    9.489609e-01 1.781485e-33 0.000000e+00 5.103915e-02 1.815189e-32
   4.150000e-01       2.4487015053    9.453791e-01 5.178946e-33 0.000000e+00 5.462091e-02 1.031576e-32
   4.200000e-01       2.4846951103    9.416075e-01 6.386414e-33 0.000000e+00 5.839254e-02 3.689360e-32
   4.250000e-01       2.5204735687    9.376376e-01 3.526859e-33 0.000000e+00 6.236244e-02 5.642975e-32
   4.300000e-01       2.5560323624    9.334604e-01 5.825938e-33 0.000000e+00 6.653960e-02 3.274081e-33
   4.350000e-01       2.5913669749    9.290664e-01 9.485205e-33 0.000000e+00 7.093361e-02 2.407412e-32
   4.400000e-01       2.6264728740    9.244453e-01 2.651163e-33 0.000000e+00 7.555474e-02 6.317050e-32
   4.450000e-01       2.6613454952    9.195860e-01 1.295677e-33 0.000000e+00 8.041398e-02 4.627047e-32
   4.500000e-01       2.6959802234    9.144769e-01 6.912283e-33 0.000000e+00 8.552305e-02 1.083336e-32
   4.550000e-01       2.7303723756    9.091055e-01 1.083336e-32 0.000000e+00 9.089451e-02 8.339277e-32
   4.600000e-01       2.7645171810    9.034582e-01 1.974078e-33 0.000000e+00 9.654176e-02 7.029644e-32
   4.650000e-01       2.7984097617    8.975209e-01 1.781485e-33 0.000000e+00 1.024791e-01 1.714078e-32
   4.700000e-01       2.8320451113    8.912783e-01 1.001484e-32 0.000000e+00 1.087217e-01 4.487417e-32
   4.750000e-01       2.8654180717    8.847142e-01 7.703720e-33 0.000000e+00 1.152858e-01 3.466674e-32
   4.800000e-01       2.8985233098    8.778114e-01 6.259272e-33 0.000000e+00 1.221886e-01 6.933348e-33
   4.850000e-01       2.9313552897    8.705517e-01 5.789827e-33 0.000000e+00 1.294483e-01 7.491867e-32
   4.900000e-01       2.9639082443    8.629160e-01 3.590054e-33 0.000000e+00 1.370840e-01 6.013716e-32
   4.950000e-01       2.9961761421    8.548839e-01 5.115751e-33 0.000000e+00 1.451161e-01 3.093525e-33
   5.000000e-01       3.0281526505    8.464343e-01 8.597472e-33 0.000000e+00 1.535657e-01 2.850376e-32
   5.050000e-01       3.0598310953    8.375448e-01 9.504953e-33 0.000000e+00 1.624552e-01 1.233799e-32
   5.100000e-01       3.0912044145    8.281924e-01 2.161405e-33 0.000000e+00 1.718076e-01 1.423571e-33
   5.150000e-01       3.1222651078    8.183529e-01 2.376203e-33 0.000000e+00 1.816471e-01 1.591901e-33
   5.200000e-01       3.1530051799    8.080015e-01 1.320847e-32 0.000000e+00 1.919985e-01 4.029595e-33
   5.250000e-01       3.1834160786    7.971128e-01 1.083637e-32 0.000000e+00 2.028872e-01 1.275929e-32
   5.300000e-01       3.2134886268    7.856610e-01 1.006975e-32 0.000000e+00 2.143390e-01 3.662276e-33
   5.350000e-01       3.2432129491    7.736198e-01 1.925930e-32 0.000000e+00 2.263802e-01 8.389832e-33
   5.400000e-01       3.2725783925    7.609633e-01 1.251854e-32 0.000000e+00 2.390367e-01 3.129636e-33
   5.450000e-01       3.3015734434    7.476658e-01 9.292612e-33 0.000000e+00 2.523342e-01 6.981496e-33
   5.500000e-01       3.3301856409    7.337025e-01 3.818156e-32 0.000000e+00 2.662975e-01 1.020743e-32
   5.550000e-01       3.3584014883    7.190499e-01 3.717045e-32 0.000000e+00 2.809501e-01 3.851860e-33
   5.600000e-01       3.3862063668    7.036865e-01 1.733337e-32 0.000000e+00 2.963135e-01 1.540744e-32
   5.650000e-01       3.4135844511    6.875935e-01 2.773339e-32 0.000000e+00 3.124065e-01 6.317050e-32
   5.700000e-01       3.4405186359    6.707555e-01 2.850376e-32 0.000000e+00 3.292445e-01 3.158525e-32
   5.750000e-01       3.4669904730    6.531615e-01 1.117039e-32 0.000000e+00 3.468385e-01 1.117039e-31
   5.800000e-01       3.4929801294    6.348060e-01 4.718528e-32 0.000000e+00 3.651940e-01 1.047706e-31
   5.850000e-01       3.5184663702    6.156903e-01 3.824175e-32 0.000000e+00 3.843097e-01 7.708535e-32
   5.900000e-01       3.5434265761    5.958235e-01 1.342664e-32 0.000000e+00 4.041765e-01 1.468040e-31
   5.950000e-01       3.5678368040    5.752240e-01 4.363435e-32 0.000000e+00 4.247760e-01 7.260756e-32
   6.000000e-01       3.5916718995    5.539209e-01 4.357416e-32 0.000000e+00 4.460791e-01 1.147854e-31
   6.050000e-01       3.6149056730    5.319552e-01 1.251854e-32 0.000000e+00 4.680448e-01 6.933348e-32
   6.100000e-01       3.6375111459    5.093814e-01 3.851860e-32 0.000000e+00 4.906186e-01 5.007418e-32
   6.150000e-01       3.6594608786    4.862682e-01 3.254822e-32 0.000000e+00 5.137318e-01 8.705203e-32
   6.200000e-01       3.6807273837    4.626996e-01 1.570837e-32 0.000000e+00 5.373004e-01 7.323349e-32
   6.250000e-01       3.7012836295    4.387751e-01 4.527139e-32 0.000000e+00 5.612249e-01 5.859642e-32
   6.300000e-01       3.7211036277    4.146093e-01 2.619265e-32 0.000000e+00 5.853907e-01 1.140151e-31
   6.350000e-01       3.7401631009    3.903315e-01 2.234079e-32 0.000000e+00 6.096685e-01 5.623715e-32
   6.400000e-01       3.7584402066    3.660831e-01 5.007418e-32 0.000000e+00 6.339169e-01 1.047706e-31
   6.450000e-01       3.7759162964    3.420156e-01 3.207877e-32 0.000000e+00 6.579844e-01 1.517633e-31
   6.500000e-01       3.7925766660    3.182863e-01 3.352322e-32 0.000000e+00 6.817137e-01 7.703720e-32
   6.550000e-01       3.8084112543    2.950535e-01 1.055410e-31 0.000000e+00 7.049465e-01 1.633189e-31
   6.600000e-01       3.8234152299    2.724716e-01 5.565938e-32 0.000000e+00 7.275284e-01 1.540744e-31
   6.650000e-01       3.8375894101    2.506841e-01 9.263723e-32 0.000000e+00 7.493159e-01 8.011869e-32
   6.700000e-01       3.8509404491    2.298182e-01 1.179181e-31 0.000000e+00 7.701818e-01 6.013716e-32
   6.750000e-01       3.8634807531    2.099789e-01 4.949640e-32 0.000000e+00 7.900211e-01 3.466674e-32
   6.800000e-01       3.8752280911    1.912444e-01 1.396299e-31 0.000000e+00 8.087556e-01 2.773339e-32
   6.850000e-01       3.8862049095    1.736635e-01 1.226817e-31 0.000000e+00 8.263365e-01 6.856311e-32
   6.900000e-01       3.8964373937    1.572553e-01 1.297234e-31 0.000000e+00 8.427447e-01 3.081488e-32
   6.950000e-01       3.9059543645    1.420114e-01 1.733818e-31 0.000000e+00 8.579886e-01 4.333342e-32
   7.000000e-01       3.9147861388    1.279009e-01 4.410380e-32 0.000000e+00 8.720991e-01 7.780757e-32
   7.050000e-01       3.9229635057    1.148771e-01 8.165943e-32 0.000000e+00 8.851229e-01 1.047706e-31
   7.100000e-01       3.9305169718    1.028856e-01 1.047706e-31 0.000000e+00 8.971144e-01 1.140151e-31
   7.150000e-01       3.9374763876    9.187156e-02 2.778154e-32 0.000000e+00 9.081284e-01 1.972152e-31
   7.200000e-01       3.9438710017    8.178545e-02 7.472608e-32 0.000000e+00 9.182145e-01 2.218671e-31
   7.250000e-01       3.9497298723    7.258518e-02 3.466674e-32 0.000000e+00 9.274148e-01 2.503709e-31
   7.300000e-01       3.9550824728    6.423478e-02 3.987879e-32 0.000000e+00 9.357652e-01 1.702522e-31
   7.350000e-01       3.9599592224    5.669973e-02 9.340760e-32 0.000000e+00 9.433003e-01 1.234521e-31
   7.400000e-01       3.9643916751    4.994065e-02 3.158525e-32 0.000000e+00 9.500593e-01 1.540744e-31
   7.450000e-01       3.9684121577    4.390784e-02 8.185202e-32 0.000000e+00 9.560922e-01 1.232595e-31
   7.500000e-01       3.9720528336    3.853903e-02 8.428652e-32 0.000000e+00 9.614610e-01 5.512974e-32
   7.550000e-01       3.9753443943    3.376210e-02 5.874086e-32 0.000000e+00 9.662379e-01 1.232595e-31
   7.600000e-01       3.9783147927    2.950262e-02 1.556151e-31 0.000000e+00 9.704974e-01 5.238529e-32
   7.650000e-01       3.9809885233    2.569374e-02 6.548162e-32 0.000000e+00 9.743063e-01 3.774823e-32
   7.700000e-01       3.9833868169    2.228465e-02 1.441077e-31 0.000000e+00 9.777154e-01 1.848050e-31
   7.750000e-01       3.9855287959    1.924361e-02 1.488744e-31 0.000000e+00 9.807564e-01 1.517633e-31
   7.800000e-01       3.9874331611    1.655347e-02 1.386670e-31 0.000000e+00 9.834465e-01 2.619265e-31
   7.850000e-01       3.9891196487    1.420120e-02 2.228301e-31 0.000000e+00 9.857988e-01 2.359264e-31
   7.900000e-01       3.9906094521    1.216614e-02 1.411707e-31 0.000000e+00 9.878339e-01 4.506676e-31
   7.950000e-01       3.9919242420    1.041339e-02 1.488744e-31 0.000000e+00 9.895866e-01 6.317050e-31
   8.000000e-01       3.9930841593    8.896360e-03 1.226817e-31 0.000000e+00 9.911036e-01 3.428155e-31
   8.050000e-01       3.9941058488    7.567815e-03 8.011869e-32 0.000000e+00 9.924322e-01 3.559600e-31
   8.100000e-01       3.9950017772    6.393058e-03 1.995745e-31 0.000000e+00 9.936069e-01 5.646827e-31
   8.150000e-01       3.9957814411    5.356963e-03 1.556151e-31 0.000000e+00 9.946430e-01 3.482081e-31
   8.200000e-01       3.9964539019    4.459623e-03 1.517633e-31 0.000000e+00 9.955404e-01 3.851860e-31
   8.250000e-01       3.9970300512    3.702939e-03 3.045529e-31 0.000000e+00 9.962971e-01 2.757036e-31
   8.300000e-01       3.9975229803    3.077258e-03 1.248003e-31 0.000000e+00 9.969227e-01 1.509929e-31
   8.350000e-01       3.9979460404    2.557872e-03 2.020301e-31 0.000000e+00 9.974421e-01 1.602374e-31
   8.400000e-01       3.9983099374    2.114272e-03 1.920152e-31 0.000000e+00 9.978857e-01 9.629650e-32
   8.450000e-01       3.9986211654    1.724859e-03 1.309632e-31 0.000000e+00 9.982751e-01 7.472608e-32
   8.500000e-01       3.9988832101    1.384952e-03 2.713635e-31 0.000000e+00 9.986150e-01 2.773339e-32
   8.550000e-01       3.9990996975    1.101170e-03 1.627411e-31 0.000000e+00 9.988988e-01 7.472608e-32
   8.600000e-01       3.9992768290    8.771846e-04 2.053523e-31 0.000000e+00 9.991228e-01 1.429522e-31
   8.650000e-01       3.9994228734    7.039051e-04 2.205190e-31 0.000000e+00 9.992961e-01 1.425188e-31
   8.700000e-01       3.9995451391    5.630483e-04 9.860761e-32 0.000000e+00 9.994370e-01 1.109336e-31
   8.750000e-01       3.9996473637    4.400004e-04 2.590376e-31 0.000000e+00 9.995600e-01 2.842673e-31
   8.800000e-01       3.9997302110    3.326061e-04 2.156050e-31 0.000000e+00 9.996674e-01 2.427153e-31
   8.850000e-01       3.9997944298    2.470867e-04 2.041486e-31 0.000000e+00 9.997529e-01 2.842673e-31
   8.900000e-01       3.9998433370    1.863037e-04 3.399266e-31 0.000000e+00 9.998137e-01 2.095412e-31
   8.950000e-01       3.9998819413    1.436565e-04 1.925930e-31 0.000000e+00 9.998563e-01 1.540744e-32
   9.000000e-01       3.9999138086    1.087376e-04 2.289931e-31 0.000000e+00 9.998913e-01 4.487417e-32
   9.050000e-01       3.9999394198    7.690398e-05 2.503709e-31 0.000000e+00 9.999231e-01 2.465190e-31
   9.100000e-01       3.9999579574    5.105868e-05 1.742967e-31 0.000000e+00 9.999489e-01 2.773339e-31
   9.150000e-01       3.9999701937    3.459254e-05 2.234079e-31 0.000000e+00 9.999654e-01 2.349635e-31
   9.200000e-01       3.9999788275    2.545261e-05 4.742602e-32 0.000000e+00 9.999745e-01 2.773339e-32
   9.250000e-01       3.9999860752    1.847928e-05 7.472608e-32 0.000000e+00 9.999815e-01 6.162976e-33
   9.300000e-01       3.9999919569    1.139654e-05 1.425188e-31 0.000000e+00 9.999886e-01 7.780757e-32
   9.350000e-01       3.9999955333    5.872736e-06 2.788085e-32 0.000000e+00 9.999941e-01 1.619737e-31
   9.400000e-01       3.9999970693    3.362761e-06 1.309632e-31 0.000000e+00 9.999966e-01 1.602374e-31
   9.450000e-01       3.9999980046    2.617854e-06 7.645942e-32 0.000000e+00 9.999974e-01 1.602374e-31
   9.500000e-01       3.9999991447    1.771034e-06 3.774823e-32 0.000000e+00 9.999982e-01 1.049632e-31
   9.550000e-01       4.0000000314    6.829962e-07 1.140151e-31 0.000000e+00 9.999993e-01 8.936315e-32
   9.600000e-01       4.0000002027    1.361053e-07 3.774823e-32 0.000000e+00 9.999999e-01 3.728600e-31
   9.650000e-01       4.0000000515    1.535385e-07 4.641491e-32 0.000000e+00 9.999998e-01 6.047420e-31
   9.700000e-01       4.0000000978    1.972758e-07 1.544716e-31 0.000000e+00 9.999998e-01 4.333824e-31
   9.750000e-01       4.0000002632    1.139538e-07 1.579263e-31 0.000000e+00 9.999999e-01 1.386670e-30
   9.800000e-01       4.0000002584    6.403860e-08 2.465190e-31 0.000000e+00 9.999999e-01 1.232595e-30
   9.850000e-01       4.0000002266    7.120916e-08 3.058377e-31 0.000000e+00 9.999999e-01 1.372032e-30
   9.900000e-01       4.0000002234    7.625784e-08 2.536096e-31 0.000000e+00 9.999999e-01 1.705652e-30
   9.950000e-01       4.0000002373    7.594095e-08 4.439269e-31 0.000000e+00 9.999999e-01 1.812685e-30
   1.000000e+00       4.0000002409    7.594095e-08 2.921636e-31 0.000000e+00 9.999999e-01 2.234079e-30
