   0.000000e+00      -0.8284271247    1.000000e+00 0.000000e+00 0.000000e+00 0.000000e+00 0.000000e+00
   5.000000e-03      -0.7884271247    1.000000e+00 6.842278e-47 0.000000e+00 6.650935e-15 5.282238e-46
   1.000000e-02      -0.7484271247    1.000000e+00 6.439952e-45 0.000000e+00 7.550791e-13 7.444398e-44
   1.500000e-02      -0.7084271244    1.000000e+00 3.308816e-43 0.000000e+00 1.047560e-11 1.617098e-42
   2.000000e-02      -0.6684271226    1.000000e+00 9.977245e-43 0.000000e+00 6.633970e-11 2.331761e-42
   2.500000e-02      -0.6284271083    1.000000e+00 3.587324e-42 0.000000e+00 2.868746e-10 3.515578e-41
   3.000000e-02      -0.5884270763    1.000000e+00 2.439380e-41 0.000000e+00 9.613396e-10 2.582873e-41
   3.500000e-02      -0.5484270042    1.000000e+00 8.968310e-41 0.000000e+00 2.690845e-09 4.706569e-40
   4.000000e-02      -0.5084268599    1.000000e+00 2.521216e-41 0.000000e+00 6.623932e-09 8.293893e-40
   4.500000e-02      -0.4684265957    1.000000e+00 1.219690e-41 0.000000e+00 1.472933e-08 4.775446e-39
   5.000000e-02      -0.4284261448    1.000000e+00 9.183550e-41 0.000000e+00 3.021584e-08 1.836710e-40
   5.500000e-02      -0.3884254169    9.999999e-01 9.550892e-39 0.000000e+00 5.810021e-08 6.612156e-39
   6.000000e-02      -0.3484242952    9.999999e-01 1.216820e-38 0.000000e+00 1.057694e-07 9.991702e-38
   6.500000e-02      -0.3084226324    9.999998e-01 4.637693e-39 0.000000e+00 1.839001e-07 5.144624e-37
   7.000000e-02      -0.2684202476    9.999997e-01 2.116808e-38 0.000000e+00 3.074937e-07 8.265195e-37
   7.500000e-02      -0.2284169238    9.999995e-01 1.193861e-38 0.000000e+00 4.968536e-07 3.532361e-36
   8.000000e-02      -0.1884124055    9.999992e-01 2.686188e-38 0.000000e+00 7.792512e-07 8.901431e-36
   8.500000e-02      -0.1484063977    9.999988e-01 6.249406e-38 0.000000e+00 1.190568e-06 1.717471e-35
   9.000000e-02      -0.1083985649    9.999982e-01 5.588190e-38 0.000000e+00 1.776801e-06 3.819255e-35
   9.500000e-02      -0.0683885321    9.999974e-01 2.299561e-37 0.000000e+00 2.596706e-06 6.719126e-35
   1.000000e-01      -0.0283758858    9.999963e-01 2.852411e-37 0.000000e+00 3.724251e-06 1.315878e-34
   1.050000e-01       0.0116398226    9.999947e-01 4.349329e-37 0.000000e+00 5.250674e-06 2.557060e-34
   1.100000e-01       0.0516590737    9.999927e-01 8.522334e-38 0.000000e+00 7.288275e-06 3.600253e-34
   1.150000e-01       0.0916823742    9.999900e-01 2.745514e-36 0.000000e+00 9.973985e-06 7.237078e-34
   1.200000e-01       0.1317102502    9.999865e-01 1.411328e-36 0.000000e+00 1.347193e-05 1.196653e-33
   1.250000e-01       0.1717432398    9.999820e-01 2.130584e-36 0.000000e+00 1.797828e-05 1.812953e-33
   1.300000e-01       0.2117818830    9.999763e-01 3.996681e-36 0.000000e+00 2.372642e-05 3.104245e-33
   1.350000e-01       0.2518267108    9.999690e-01 6.324160e-36 0.000000e+00 3.099001e-05 4.618094e-33
   1.400000e-01       0.2918782335    9.999599e-01 3.726317e-36 0.000000e+00 4.008831e-05 6.958927e-33
   1.450000e-01       0.3319369267    9.999486e-01 1.195478e-35 0.000000e+00 5.139335e-05 1.044761e-32
   1.500000e-01       0.3720032167    9.999347e-01 7.523164e-36 0.000000e+00 6.533406e-05 1.337713e-32
   1.550000e-01       0.4120774639    9.999176e-01 1.488470e-35 0.000000e+00 8.240086e-05 1.887712e-32
   1.600000e-01       0.4521599469    9.998968e-01 1.284246e-35 0.000000e+00 1.031544e-04 2.495389e-32
   1.650000e-01       0.4922508442    9.998718e-01 2.474416e-35 0.000000e+00 1.282322e-04 3.115121e-32
   1.700000e-01       0.5323502148    9.998416e-01 1.372977e-35 0.000000e+00 1.583515e-04 4.129559e-32
   1.750000e-01       0.5724579804    9.998057e-01 1.998340e-35 0.000000e+00 1.943179e-04 4.507278e-32
   1.800000e-01       0.6125739062    9.997630e-01 1.090859e-35 0.000000e+00 2.370341e-04 5.019605e-32
   1.850000e-01       0.6526975807    9.997125e-01 4.932374e-35 0.000000e+00 2.875049e-04 5.407124e-32
   1.900000e-01       0.6928283965    9.996532e-01 2.557876e-35 0.000000e+00 3.468399e-04 4.949960e-32
   1.950000e-01       0.7329655333    9.995837e-01 5.454294e-35 0.000000e+00 4.162644e-04 4.557608e-32
   2.000000e-01       0.7731079393    9.995029e-01 3.404232e-35 0.000000e+00 4.971266e-04 3.980431e-32
   2.050000e-01       0.8132543138    9.994091e-01 2.449730e-35 0.000000e+00 5.908992e-04 2.732714e-32
   2.100000e-01       0.8534030927    9.993008e-01 1.140230e-34 0.000000e+00 6.991830e-04 1.796005e-32
   2.150000e-01       0.8935524353    9.991763e-01 3.912045e-35 0.000000e+00 8.237157e-04 6.650477e-33
   2.200000e-01       0.9337002122    9.990336e-01 1.504633e-34 0.000000e+00 9.663778e-04 1.278938e-35
   2.250000e-01       0.9738439949    9.988708e-01 1.291281e-34 0.000000e+00 1.129190e-03 3.490795e-33
   2.300000e-01       1.0139810494    9.986857e-01 1.218753e-34 0.000000e+00 1.314315e-03 1.855212e-32
   2.350000e-01       1.0541083319    9.984759e-01 1.181137e-34 0.000000e+00 1.524061e-03 4.695959e-32
   2.400000e-01       1.0942224872    9.982391e-01 1.452441e-34 0.000000e+00 1.760889e-03 5.998863e-32
   2.450000e-01       1.1343198482    9.979726e-01 9.403955e-35 0.000000e+00 2.027402e-03 6.891218e-32
   2.500000e-01       1.1743964407    9.976737e-01 5.945180e-34 0.000000e+00 2.326345e-03 6.399203e-32
   2.550000e-01       1.2144479912    9.973394e-01 1.692712e-34 0.000000e+00 2.660601e-03 2.933432e-32
   2.600000e-01       1.2544699364    9.969668e-01 3.671304e-34 0.000000e+00 3.033197e-03 1.083336e-32
   2.650000e-01       1.2944574355    9.965527e-01 6.379643e-34 0.000000e+00 3.447294e-03 9.748939e-33
   2.700000e-01       1.3344053853    9.960938e-01 1.692712e-34 0.000000e+00 3.906174e-03 3.717045e-32
   2.750000e-01       1.3743084390    9.955868e-01 3.101424e-34 0.000000e+00 4.413235e-03 6.204203e-32
   2.800000e-01       1.4141610275    9.950280e-01 1.963546e-34 0.000000e+00 4.971992e-03 3.930101e-32
   2.850000e-01       1.4539573808    9.944139e-01 4.340866e-34 0.000000e+00 5.586071e-03 1.391484e-32
   2.900000e-01       1.4936915518    9.937408e-01 1.745374e-34 0.000000e+00 6.259192e-03 1.278938e-33
   2.950000e-01       1.5333574415    9.930048e-01 1.439181e-33 0.000000e+00 6.995158e-03 5.840383e-32
   3.000000e-01       1.5729488270    9.922021e-01 1.391785e-34 0.000000e+00 7.797850e-03 1.152789e-31
   3.050000e-01       1.6124593878    9.913288e-01 6.168994e-34 0.000000e+00 8.671228e-03 1.360670e-31
   3.100000e-01       1.6518827331    9.903807e-01 1.266901e-33 0.000000e+00 9.619319e-03 1.221040e-31
   3.150000e-01       1.6912124272    9.893538e-01 1.752897e-34 0.000000e+00 1.064621e-02 2.850677e-32
   3.200000e-01       1.7304420167    9.882440e-01 1.700235e-33 0.000000e+00 1.175604e-02 7.908350e-33
   3.250000e-01       1.7695650552    9.870470e-01 9.697358e-34 0.000000e+00 1.295299e-02 6.447351e-32
   3.300000e-01       1.8085751278    9.857587e-01 3.129636e-34 0.000000e+00 1.424129e-02 2.038597e-31
   3.350000e-01       1.8474658720    9.843748e-01 2.929708e-33 0.000000e+00 1.562525e-02 2.675064e-31
   3.400000e-01       1.8862309962    9.828908e-01 1.483568e-33 0.000000e+00 1.710920e-02 9.823446e-32
   3.450000e-01       1.9248642976    9.813025e-01 1.408336e-33 0.000000e+00 1.869754e-02 1.017132e-32
   3.500000e-01       1.9633596765    9.796053e-01 4.743355e-33 0.000000e+00 2.039474e-02 5.076029e-32
   3.550000e-01       2.0017111492    9.777947e-01 1.564818e-34 0.000000e+00 2.220533e-02 2.804635e-31
   3.600000e-01       2.0399128568    9.758661e-01 4.285194e-33 0.000000e+00 2.413394e-02 3.189821e-31
   3.650000e-01       2.0779590709    9.738147e-01 5.251168e-33 0.000000e+00 2.618533e-02 7.704923e-32
   3.700000e-01       2.1158441967    9.716356e-01 3.081488e-33 0.000000e+00 2.836436e-02 2.320746e-32
   3.750000e-01       2.1535627738    9.693240e-01 6.770847e-34 0.000000e+00 3.067605e-02 1.970347e-31
   3.800000e-01       2.1911094754    9.668744e-01 7.614194e-33 0.000000e+00 3.312559e-02 3.526859e-31
   3.850000e-01       2.2284791039    9.642816e-01 3.478711e-33 0.000000e+00 3.571839e-02 1.082854e-31
   3.900000e-01       2.2656665843    9.615399e-01 2.407412e-34 0.000000e+00 3.846009e-02 1.757411e-32
   3.950000e-01       2.3026669559    9.586434e-01 4.890056e-33 0.000000e+00 4.135661e-02 1.804596e-31
   4.000000e-01       2.3394753612    9.555858e-01 5.323391e-33 0.000000e+00 4.441418e-02 2.404042e-31
   4.050000e-01       2.3760870347    9.523606e-01 1.564818e-34 0.000000e+00 4.763937e-02 9.725946e-32
   4.100000e-01       2.4124972898    9.489609e-01 1.925930e-34 0.000000e+00 5.103915e-02 5.440752e-33
   4.150000e-01       2.4487015053    9.453791e-01 6.406726e-33 0.000000e+00 5.462091e-02 1.254262e-31
   4.200000e-01       2.4846951103    9.416075e-01 4.580854e-33 0.000000e+00 5.839254e-02 1.712272e-31
   4.250000e-01       2.5204735687    9.376376e-01 8.185202e-34 0.000000e+00 6.236244e-02 1.092484e-31
   4.300000e-01       2.5560323624    9.334604e-01 3.562970e-33 0.000000e+00 6.653960e-02 6.162976e-33
   4.350000e-01       2.5913669749    9.290664e-01 1.699633e-32 0.000000e+00 7.093361e-02 2.041486e-31
   4.400000e-01       2.6264728740    9.244453e-01 2.407412e-33 0.000000e+00 7.555474e-02 2.243708e-31
   4.450000e-01       2.6613454952    9.195860e-01 3.851860e-34 0.000000e+00 8.041398e-02 4.446566e-32
   4.500000e-01       2.6959802234    9.144769e-01 6.262282e-33 0.000000e+00 8.552305e-02 3.776026e-32
   4.550000e-01       2.7303723756    9.091055e-01 8.185202e-33 0.000000e+00 9.089451e-02 4.023268e-31
   4.600000e-01       2.7645171810    9.034582e-01 3.900008e-33 0.000000e+00 9.654176e-02 2.166671e-31
   4.650000e-01       2.7984097617    8.975209e-01 1.540744e-33 0.000000e+00 1.024791e-01 3.466674e-32
   4.700000e-01       2.8320451113    8.912783e-01 1.174817e-32 0.000000e+00 1.087217e-01 2.752154e-31
   4.750000e-01       2.8654180717    8.847142e-01 2.002967e-32 0.000000e+00 1.152858e-01 2.174375e-31
   4.800000e-01       2.8985233098    8.778114e-01 1.733337e-32 0.000000e+00 1.221886e-01 1.174817e-32
   4.850000e-01       2.9313552897    8.705517e-01 5.248159e-33 0.000000e+00 1.294483e-01 2.164745e-31
   4.900000e-01       2.9639082443    8.629160e-01 1.449563e-32 0.000000e+00 1.370840e-01 5.007418e-31
   4.950000e-01       2.9961761421    8.548839e-01 2.366787e-32 0.000000e+00 1.451161e-01 6.404921e-32
   5.000000e-01       3.0281526505    8.464343e-01 2.045172e-32 0.000000e+00 1.535657e-01 2.836052e-31
   5.050000e-01       3.0598310953    8.375448e-01 4.960962e-33 0.000000e+00 1.624552e-01 3.394572e-31
   5.100000e-01       3.0912044145    8.281924e-01 5.135735e-33 0.000000e+00 1.718076e-01 7.656775e-32
   5.150000e-01       3.1222651078    8.183529e-01 1.723275e-32 0.000000e+00 1.816471e-01 2.653157e-31
   5.200000e-01       3.1530051799    8.080015e-01 3.174249e-32 0.000000e+00 1.919985e-01 6.493771e-31
   5.250000e-01       3.1834160786    7.971128e-01 9.391918e-33 0.000000e+00 2.028872e-01 4.130909e-31
   5.300000e-01       3.2134886268    7.856610e-01 3.325238e-33 0.000000e+00 2.143390e-01 6.027950e-31
   5.350000e-01       3.2432129491    7.736198e-01 1.146229e-32 0.000000e+00 2.263802e-01 7.057089e-31
   5.400000e-01       3.2725783925    7.609633e-01 2.004171e-32 0.000000e+00 2.390367e-01 1.309632e-31
   5.450000e-01       3.3015734434    7.476658e-01 1.815189e-32 0.000000e+00 2.523342e-01 3.571156e-31
   5.500000e-01       3.3301856408    7.337025e-01 1.950004e-32 0.000000e+00 2.662975e-01 5.602530e-31
   5.550000e-01       3.3584014884    7.190499e-01 1.405929e-32 0.000000e+00 2.809501e-01 1.958671e-31
   5.600000e-01       3.3862063668    7.036865e-01 1.333706e-32 0.000000e+00 2.963135e-01 6.324754e-31
   5.650000e-01       3.4135844511    6.875935e-01 3.254822e-32 0.000000e+00 3.124065e-01 6.571273e-31
   5.700000e-01       3.4405186359    6.707555e-01 2.253338e-32 0.000000e+00 3.292445e-01 3.428155e-31
   5.750000e-01       3.4669904730    6.531615e-01 6.596310e-33 0.000000e+00 3.468385e-01 6.971866e-31
   5.800000e-01       3.4929801294    6.348060e-01 9.485205e-33 0.000000e+00 3.651940e-01 2.220597e-31
   5.850000e-01       3.5184663702    6.156903e-01 1.083336e-32 0.000000e+00 3.843097e-01 2.192190e-31
   5.900000e-01       3.5434265761    5.958235e-01 9.380069e-33 0.000000e+00 4.041765e-01 3.755684e-31
   5.950000e-01       3.5678368040    5.752240e-01 2.330375e-32 0.000000e+00 4.247760e-01 1.425188e-31
   6.000000e-01       3.5916718996    5.539209e-01 1.425188e-32 0.000000e+00 4.460791e-01 3.728600e-31
   6.050000e-01       3.6149056730    5.319552e-01 1.560003e-32 0.000000e+00 4.680448e-01 6.971866e-31
   6.100000e-01       3.6375111459    5.093814e-01 5.007418e-33 0.000000e+00 4.906186e-01 2.349635e-31
   6.150000e-01       3.6594608785    4.862682e-01 1.203706e-33 0.000000e+00 5.137318e-01 8.820759e-31
   6.200000e-01       3.6807273837    4.626996e-01 1.185651e-32 0.000000e+00 5.373004e-01 3.120007e-31
   6.250000e-01       3.7012836295    4.387751e-01 2.707135e-32 0.000000e+00 5.612249e-01 5.030529e-31
   6.300000e-01       3.7211036278    4.146093e-01 1.251854e-32 0.000000e+00 5.853907e-01 4.468157e-31
   6.350000e-01       3.7401631009    3.903315e-01 3.158525e-32 0.000000e+00 6.096685e-01 2.257190e-31
   6.400000e-01       3.7584402066    3.660831e-01 1.174817e-32 0.000000e+00 6.339169e-01 4.352602e-31
   6.450000e-01       3.7759162964    3.420156e-01 1.001484e-32 0.000000e+00 6.579844e-01 1.386670e-31
   6.500000e-01       3.7925766660    3.182863e-01 1.930745e-32 0.000000e+00 6.817137e-01 2.669820e-31
   6.550000e-01       3.8084112543    2.950535e-01 2.253338e-32 0.000000e+00 7.049465e-01 5.646827e-31
   6.600000e-01       3.8234152299    2.724716e-01 4.082971e-32 0.000000e+00 7.275284e-01 3.851860e-31
   6.650000e-01       3.8375894101    2.506841e-01 2.407412e-32 0.000000e+00 7.493159e-01 6.602088e-31
   6.700000e-01       3.8509404491    2.298182e-01 5.828947e-33 0.000000e+00 7.701818e-01 7.844313e-31
   6.750000e-01       3.8634807531    2.099789e-01 1.237410e-32 0.000000e+00 7.900211e-01 8.321943e-31
   6.800000e-01       3.8752280911    1.912444e-01 7.703720e-34 0.000000e+00 8.087556e-01 1.297306e-30
   6.850000e-01       3.8862049095    1.736635e-01 2.503709e-33 0.000000e+00 8.263365e-01 6.047420e-31
   6.900000e-01       3.8964373937    1.572553e-01 8.967611e-33 0.000000e+00 8.427447e-01 6.509643e-31
   6.950000e-01       3.9059543645    1.420114e-01 5.585197e-33 0.000000e+00 8.579886e-01 7.674831e-31
   7.000000e-01       3.9147861388    1.279009e-01 1.945189e-32 0.000000e+00 8.720991e-01 6.725347e-31
   7.050000e-01       3.9229635057    1.148771e-01 1.386670e-32 0.000000e+00 8.851229e-01 7.526534e-31
   7.100000e-01       3.9305169718    1.028856e-01 3.895193e-32 0.000000e+00 8.971144e-01 2.990969e-31
   7.150000e-01       3.9374763876    9.187156e-02 3.086303e-32 0.000000e+00 9.081284e-01 7.549645e-31
   7.200000e-01       3.9438710016    8.178545e-02 1.386670e-32 0.000000e+00 9.182145e-01 7.888609e-31
   7.250000e-01       3.9497298723    7.258518e-02 2.176301e-32 0.000000e+00 9.274148e-01 7.125941e-31
   7.300000e-01       3.9550824728    6.423478e-02 7.426867e-33 0.000000e+00 9.357652e-01 1.354507e-30
   7.350000e-01       3.9599592224    5.669973e-02 3.317414e-32 0.000000e+00 9.433003e-01 1.097010e-30
   7.400000e-01       3.9643916751    4.994065e-02 2.946673e-32 0.000000e+00 9.500593e-01 1.707144e-30
   7.450000e-01       3.9684121577    4.390784e-02 2.619265e-32 0.000000e+00 9.560922e-01 1.140151e-30
   7.500000e-01       3.9720528337    3.853903e-02 4.027902e-32 0.000000e+00 9.614610e-01 1.278866e-30
   7.550000e-01       3.9753443942    3.376210e-02 3.948156e-32 0.000000e+00 9.662379e-01 7.588164e-31
   7.600000e-01       3.9783147928    2.950262e-02 4.082971e-32 0.000000e+00 9.704974e-01 5.330974e-31
   7.650000e-01       3.9809885233    2.569374e-02 1.925930e-32 0.000000e+00 9.743063e-01 4.498972e-31
   7.700000e-01       3.9833868170    2.228465e-02 1.841971e-32 0.000000e+00 9.777154e-01 1.926411e-31
   7.750000e-01       3.9855287959    1.924361e-02 3.562970e-32 0.000000e+00 9.807564e-01 3.150821e-31
   7.800000e-01       3.9874331611    1.655347e-02 3.485933e-32 0.000000e+00 9.834465e-01 3.204747e-31
   7.850000e-01       3.9891196487    1.420120e-02 2.431487e-32 0.000000e+00 9.857988e-01 4.393046e-31
   7.900000e-01       3.9906094521    1.216614e-02 5.605660e-32 0.000000e+00 9.878339e-01 8.450981e-31
   7.950000e-01       3.9919242421    1.041339e-02 9.629650e-32 0.000000e+00 9.895866e-01 1.248003e-30
   8.000000e-01       3.9930841593    8.896360e-03 1.303855e-31 0.000000e+00 9.911036e-01 2.274908e-30
   8.050000e-01       3.9941058488    7.567815e-03 1.049632e-31 0.000000e+00 9.924322e-01 2.400672e-30
   8.100000e-01       3.9950017771    6.393058e-03 6.548162e-32 0.000000e+00 9.936069e-01 2.099264e-30
   8.150000e-01       3.9957814411    5.356963e-03 1.386670e-31 0.000000e+00 9.946430e-01 2.378909e-30
   8.200000e-01       3.9964539019    4.459623e-03 1.157484e-31 0.000000e+00 9.955404e-01 2.076923e-30
   8.250000e-01       3.9970300512    3.702940e-03 1.756044e-31 0.000000e+00 9.962971e-01 1.939944e-30
   8.300000e-01       3.9975229803    3.077258e-03 2.166671e-31 0.000000e+00 9.969227e-01 1.427499e-30
   8.350000e-01       3.9979460403    2.557873e-03 1.887411e-31 0.000000e+00 9.974421e-01 1.657840e-30
   8.400000e-01       3.9983099374    2.114272e-03 2.804635e-31 0.000000e+00 9.978857e-01 1.386670e-30
   8.450000e-01       3.9986211654    1.724859e-03 2.631904e-31 0.000000e+00 9.982751e-01 1.223351e-30
   8.500000e-01       3.9988832101    1.384952e-03 2.913932e-31 0.000000e+00 9.986150e-01 1.075439e-30
   8.550000e-01       3.9990996975    1.101170e-03 2.983265e-31 0.000000e+00 9.988988e-01 1.442136e-30
   8.600000e-01       3.9992768289    8.771846e-04 1.975162e-31 0.000000e+00 9.991228e-01 1.485470e-30
   8.650000e-01       3.9994228734    7.039052e-04 3.890378e-31 0.000000e+00 9.992961e-01 1.165573e-30
   8.700000e-01       3.9995451391    5.630483e-04 3.019858e-31 0.000000e+00 9.994370e-01 1.503766e-30
   8.750000e-01       3.9996473637    4.400004e-04 3.674674e-31 0.000000e+00 9.995600e-01 8.289202e-31
   8.800000e-01       3.9997302110    3.326061e-04 5.271391e-31 0.000000e+00 9.996674e-01 1.118647e-30
   8.850000e-01       3.9997944298    2.470867e-04 4.506676e-31 0.000000e+00 9.997529e-01 1.168654e-30
   8.900000e-01       3.9998433370    1.863038e-04 4.837936e-31 0.000000e+00 9.998137e-01 8.936315e-31
   8.950000e-01       3.9998819413    1.436565e-04 4.560602e-31 0.000000e+00 9.998563e-01 6.288161e-31
   9.000000e-01       3.9999138086    1.087376e-04 4.900047e-31 0.000000e+00 9.998913e-01 6.070531e-31
   9.050000e-01       3.9999394197    7.690399e-05 5.155714e-31 0.000000e+00 9.999231e-01 3.081488e-31
   9.100000e-01       3.9999579575    5.105867e-05 4.167712e-31 0.000000e+00 9.999489e-01 2.002967e-31
   9.150000e-01       3.9999701937    3.459254e-05 4.061907e-31 0.000000e+00 9.999654e-01 1.683744e-31
   9.200000e-01       3.9999788275    2.545261e-05 4.953973e-31 0.000000e+00 9.999745e-01 3.458970e-31
   9.250000e-01       3.9999860752    1.847927e-05 4.699269e-31 0.000000e+00 9.999815e-01 4.005934e-31
   9.300000e-01       3.9999919569    1.139654e-05 5.377196e-31 0.000000e+00 9.999886e-01 3.089192e-31
   9.350000e-01       3.9999955333    5.872737e-06 4.441676e-31 0.000000e+00 9.999941e-01 2.074738e-31
   9.400000e-01       3.9999970693    3.362757e-06 3.851860e-31 0.000000e+00 9.999966e-01 5.330974e-31
   9.450000e-01       3.9999980046    2.617856e-06 4.601047e-31 0.000000e+00 9.999974e-01 6.717644e-31
   9.500000e-01       3.9999991447    1.771034e-06 3.900008e-31 0.000000e+00 9.999982e-01 9.560316e-31
   9.550000e-01       4.0000000314    6.829947e-07 3.921193e-31 0.000000e+00 9.999993e-01 8.936315e-31
   9.600000e-01       4.0000002027    1.361060e-07 4.454676e-31 0.000000e+00 9.999999e-01 6.317050e-31
   9.650000e-01       4.0000000515    1.535388e-07 5.585197e-31 0.000000e+00 9.999998e-01 1.048476e-30
   9.700000e-01       4.0000000978    1.972754e-07 6.289245e-31 0.000000e+00 9.999998e-01 9.117834e-31
   9.750000e-01       4.0000002632    1.139539e-07 6.162976e-31 0.000000e+00 9.999999e-01 8.266091e-31
   9.800000e-01       4.0000002737    6.403869e-08 6.139865e-31 0.000000e+00 9.999999e-01 1.066195e-30
   9.850000e-01       4.0000002293    7.120913e-08 5.425345e-31 0.000000e+00 9.999999e-01 7.310830e-31
   9.900000e-01       4.0000002236    7.625784e-08 4.129675e-31 0.000000e+00 9.999999e-01 1.121448e-30
   9.950000e-01       4.0000002373    7.594095e-08 5.078677e-31 0.000000e+00 9.999999e-01 1.001484e-30
   1.000000e+00       4.0000002409    7.594095e-08 5.009344e-31 0.000000e+00 9.999999e-01 7.549645e-31
