# --------------------------------------------------------
#       t_k              <E(t_k)>       <Pn(t_k)>     State fidelity -->
# --------------------------------------------------------
   0.000000e+00       2.0077383824    1.000000e+00 0.000000e+00 0.000000e+00 0.000000e+00 0.000000e+00
   5.000000e-03       0.1783777828    1.000000e+00 2.025314e-45 0.000000e+00 3.828075e-14 1.335613e-44
   1.000000e-02       0.4836973907    1.000000e+00 6.463489e-44 5.397605e-79 2.185627e-13 3.208973e-43
   1.500000e-02       1.9528621208    1.000000e+00 3.587324e-42 0.000000e+00 1.102612e-10 6.098451e-42
   2.000000e-02      -0.6436068181    1.000000e+00 2.774010e-40 0.000000e+00 2.919141e-10 7.361637e-40
   2.500000e-02       2.3414349263    1.000000e+00 1.816363e-39 4.421718e-75 1.886525e-09 6.586506e-39
   3.000000e-02       0.1317395266    1.000000e+00 5.969307e-39 4.257960e-109 1.764462e-08 4.297901e-38
   3.500000e-02       0.9592028226    1.000000e+00 3.432136e-38 2.263920e-72 6.910405e-09 1.492327e-37
   4.000000e-02       1.9424058364    9.999999e-01 1.157242e-37 0.000000e+00 1.438601e-07 2.873073e-37
   4.500000e-02      -0.3699383682    9.999998e-01 6.506657e-38 2.790497e-104 2.190767e-07 5.467728e-37
   5.000000e-02       2.6296732087    9.999997e-01 1.544673e-37 4.527840e-72 2.902322e-07 7.605816e-37
   5.500000e-02       0.1116792910    9.999983e-01 2.975470e-37 2.263920e-72 1.665882e-06 4.575612e-36
   6.000000e-02       1.4360972221    9.999993e-01 7.118353e-36 0.000000e+00 6.563362e-07 1.706395e-35
   6.500000e-02       1.9030871869    9.999960e-01 4.560918e-36 0.000000e+00 3.960913e-06 4.537408e-35
   7.000000e-02      -0.0497207997    9.999944e-01 3.706701e-35 7.143671e-102 5.573501e-06 8.492947e-35
   7.500000e-02       2.8696404268    9.999970e-01 6.324453e-35 1.448909e-70 2.992202e-06 2.201591e-34
   8.000000e-02       0.1252167519    9.999819e-01 7.452634e-35 5.795635e-70 1.809434e-05 4.713732e-34
   8.500000e-02       1.9057583329    9.999952e-01 3.344634e-34 5.801294e-70 4.783726e-06 9.980535e-34
   9.000000e-02       1.8423260512    9.999754e-01 2.992456e-34 2.857468e-101 2.461773e-05 1.679358e-33
   9.500000e-02       0.3136061364    9.999688e-01 5.293280e-34 3.622272e-71 3.123158e-05 2.505261e-33
   1.000000e-01       3.0600051430    9.999879e-01 1.136635e-33 5.795635e-70 1.208850e-05 3.768694e-33
   1.050000e-01       0.1782218730    9.999126e-01 1.175165e-33 5.795635e-70 8.739411e-05 5.170294e-33
   1.100000e-01       2.3604595340    9.999869e-01 1.902646e-33 1.214424e-100 1.306125e-05 7.562625e-33
   1.150000e-01       1.7674034754    9.998838e-01 2.781655e-33 5.795635e-70 1.162483e-04 9.868181e-33
   1.200000e-01       0.7164983102    9.998816e-01 2.253434e-33 9.273015e-69 1.184489e-04 1.183619e-32
   1.250000e-01       3.2002822065    9.999497e-01 3.148259e-33 2.318254e-69 5.034754e-05 1.479167e-32
   1.300000e-01       0.2756145667    9.996806e-01 3.488597e-33 2.318254e-69 3.193740e-04 2.017830e-32
   1.350000e-01       2.7942308014    9.999758e-01 4.379445e-33 0.000000e+00 2.418027e-05 2.780491e-32
   1.400000e-01       1.6840021449    9.996088e-01 8.264195e-33 0.000000e+00 3.911817e-04 4.070032e-32
   1.450000e-01       1.1572493531    9.996905e-01 1.205399e-32 3.709206e-68 3.094911e-04 4.902470e-32
   1.500000e-01       3.2891492348    9.998224e-01 1.276305e-32 0.000000e+00 1.775776e-04 6.445339e-32
   1.550000e-01       0.4225669409    9.991083e-01 2.201052e-32 0.000000e+00 8.916648e-04 9.585414e-32
   1.600000e-01       3.2026112842    9.999779e-01 2.984117e-32 1.828780e-99 2.213126e-05 1.297133e-31
   1.650000e-01       1.5951741714    9.988698e-01 2.351949e-32 7.418412e-68 1.130169e-03 1.674175e-31
   1.700000e-01       1.6386925265    9.993345e-01 3.456199e-32 5.795635e-70 6.655466e-04 1.473348e-31
   1.750000e-01       3.3208965295    9.994411e-01 1.988238e-32 1.506865e-67 5.589475e-04 1.590540e-31
   1.800000e-01       0.6280458010    9.979447e-01 2.975792e-32 1.483682e-67 2.055253e-03 2.208350e-31
   1.850000e-01       3.5803593269    9.999987e-01 3.882003e-32 0.000000e+00 1.311499e-06 3.234782e-31
   1.900000e-01       1.5018177831    9.972000e-01 6.295892e-32 0.000000e+00 2.799985e-03 4.030311e-31
   1.950000e-01       2.1698168655    9.988474e-01 6.372966e-32 0.000000e+00 1.152635e-03 5.550986e-31
   2.000000e-01       3.2810249065    9.983767e-01 1.111571e-31 0.000000e+00 1.623300e-03 6.569906e-31
   2.050000e-01       0.9113649884    9.958964e-01 8.649250e-32 3.709206e-68 4.103628e-03 7.856923e-31
   2.100000e-01       3.9141479112    9.999335e-01 1.278645e-31 0.000000e+00 6.652698e-05 8.233623e-31
   2.150000e-01       1.4082165174    9.938868e-01 1.338649e-31 5.934730e-67 6.113193e-03 8.681731e-31
   2.200000e-01       2.7638901054    9.984108e-01 9.450241e-32 0.000000e+00 1.589184e-03 6.974304e-31
   2.250000e-01       3.1427848434    9.957120e-01 8.801500e-32 0.000000e+00 4.288044e-03 6.798533e-31
   2.300000e-01       1.3111004154    9.929171e-01 7.200044e-32 5.934730e-67 7.082866e-03 4.918825e-31
   2.350000e-01       4.1683336735    9.992930e-01 4.638632e-32 0.000000e+00 7.069908e-04 4.646193e-31
   2.400000e-01       1.3378326339    9.880599e-01 6.526570e-32 2.373892e-66 1.194011e-02 3.656378e-31
   2.450000e-01       3.4252739926    9.983522e-01 2.913815e-32 2.373892e-66 1.647849e-03 3.043513e-31
   2.500000e-01       2.8718400078    9.897337e-01 3.076974e-32 2.967365e-66 1.026633e-02 3.081608e-31
   2.550000e-01       1.8921974015    9.897038e-01 1.692712e-32 2.967365e-66 1.029620e-02 5.917691e-31
   2.600000e-01       4.2637910456    9.964886e-01 9.206622e-32 2.373892e-66 3.511394e-03 5.938244e-31
   2.650000e-01       1.3654807415    9.793793e-01 4.333342e-32 0.000000e+00 2.062075e-02 8.794278e-31
   2.700000e-01       4.1117910090    9.986729e-01 1.412798e-31 0.000000e+00 1.327091e-03 4.729971e-31
   2.750000e-01       2.4580327136    9.779679e-01 7.956498e-33 1.483682e-67 2.203206e-02 5.442678e-31
   2.800000e-01       2.7307058805    9.882483e-01 5.490405e-32 6.027460e-67 1.175166e-02 6.171643e-31
   2.850000e-01       4.0655511901    9.875947e-01 2.385219e-32 2.373892e-66 1.240534e-02 8.062695e-31
   2.900000e-01       1.6615331648    9.699065e-01 1.652929e-31 0.000000e+00 3.009348e-02 1.844463e-30
   2.950000e-01       4.6598366664    9.969623e-01 2.254459e-31 9.495568e-66 3.037737e-03 1.956384e-30
   3.000000e-01       2.0081898051    9.591269e-01 2.741080e-31 0.000000e+00 4.087314e-02 1.880911e-30
   3.050000e-01       3.8224339058    9.907999e-01 1.855212e-31 0.000000e+00 9.200120e-03 1.638978e-30
   3.100000e-01       3.4451398249    9.660661e-01 1.909078e-31 0.000000e+00 3.393389e-02 1.289988e-30
   3.150000e-01       2.4847397577    9.665598e-01 7.648349e-32 9.495568e-66 3.344020e-02 1.560244e-30
   3.200000e-01       4.7137343704    9.839907e-01 7.713650e-32 1.483682e-67 1.600934e-02 2.408195e-30
   3.250000e-01       1.9017138435    9.395261e-01 2.010460e-31 3.798242e-65 6.047393e-02 2.106245e-30
   3.300000e-01       4.8527222469    9.927453e-01 8.812634e-32 1.483682e-67 7.254673e-03 1.885702e-30
   3.350000e-01       2.5511306084    9.296770e-01 2.122014e-31 2.926048e-98 7.032301e-02 1.588700e-30
   3.400000e-01       3.9248833528    9.768501e-01 6.120846e-32 0.000000e+00 2.314988e-02 1.097973e-30
   3.450000e-01       3.9001654149    9.438901e-01 1.693013e-31 9.495568e-66 5.610990e-02 1.134806e-30
   3.500000e-01       2.7700857653    9.395515e-01 1.855400e-31 9.495568e-66 6.044848e-02 5.832709e-31
   3.550000e-01       5.0037754770    9.694368e-01 3.274081e-33 0.000000e+00 3.056322e-02 1.320815e-30
   3.600000e-01       2.2431600044    9.010460e-01 2.859043e-31 9.495568e-66 9.895399e-02 1.338136e-30
   3.650000e-01       5.2425051304    9.830589e-01 4.913002e-32 0.000000e+00 1.694107e-02 1.172506e-30
   3.700000e-01       2.6485230414    8.826834e-01 1.414144e-31 9.495568e-66 1.173166e-01 1.299666e-30
   3.750000e-01       4.6365516919    9.684881e-01 2.649026e-31 0.000000e+00 3.151185e-02 2.205671e-31
   3.800000e-01       3.6908410193    8.929235e-01 6.400106e-32 0.000000e+00 1.070765e-01 6.390717e-31
   3.850000e-01       3.6669614246    9.265784e-01 5.172326e-32 0.000000e+00 7.342160e-02 1.140151e-30
   3.900000e-01       4.8031113415    9.227030e-01 2.255745e-31 4.747784e-66 7.729703e-02 1.085454e-30
   3.950000e-01       2.8902462776    8.733546e-01 2.957333e-31 2.522260e-66 1.266454e-01 4.112853e-31
   4.000000e-01       5.5131548530    9.520915e-01 7.372701e-32 1.186946e-65 4.790852e-02 6.259272e-32
   4.050000e-01       2.6458969933    8.290957e-01 1.093695e-31 0.000000e+00 1.709043e-01 1.422182e-30
   4.100000e-01       5.6343878033    9.626643e-01 3.482209e-31 4.747784e-65 3.733566e-02 1.757411e-30
   4.150000e-01       2.9719333112    8.084123e-01 3.360575e-31 0.000000e+00 1.915877e-01 8.185202e-32
   4.200000e-01       5.2525708948    9.455247e-01 9.022982e-32 0.000000e+00 5.447531e-02 4.400750e-31
   4.250000e-01       3.6904756707    8.148021e-01 2.114312e-31 5.934730e-67 1.851979e-01 4.458076e-31
   4.300000e-01       4.6005053989    9.031302e-01 1.404003e-31 0.000000e+00 9.686981e-02 3.948156e-31
   4.350000e-01       4.5460949937    8.409920e-01 1.219595e-31 3.798227e-65 1.590080e-01 2.481079e-31
   4.400000e-01       3.9281589356    8.457614e-01 6.649273e-32 3.798227e-65 1.542386e-01 1.849856e-30
   4.450000e-01       5.3156089681    8.746375e-01 8.625277e-31 3.798227e-65 1.253625e-01 1.146699e-30
   4.500000e-01       3.4179695570    7.864037e-01 4.255058e-31 1.463024e-98 2.135963e-01 2.868150e-32
   4.550000e-01       5.8625918824    9.035288e-01 5.604757e-32 3.799154e-65 9.647119e-02 7.410978e-31
   4.600000e-01       3.1592730531    7.364701e-01 2.394412e-31 0.000000e+00 2.635299e-01 6.116754e-31
   4.650000e-01       6.1392872864    9.185401e-01 1.174817e-31 9.495568e-66 8.145989e-02 4.256305e-31
   4.700000e-01       3.1634762302    7.026675e-01 5.377678e-31 9.495568e-66 2.973325e-01 4.308305e-31
   4.750000e-01       6.1634484573    9.151518e-01 1.411769e-31 2.373892e-66 8.484818e-02 9.455120e-31
   4.800000e-01       3.3907038281    6.868149e-01 1.611161e-31 1.170419e-97 3.131851e-01 5.687271e-31
   4.850000e-01       5.9899867913    8.932248e-01 2.848932e-31 1.543030e-64 1.067752e-01 1.881634e-31
   4.900000e-01       3.7773425250    6.875236e-01 8.974834e-32 3.798227e-65 3.124764e-01 7.179867e-31
   4.950000e-01       5.6850031071    8.557258e-01 1.928939e-31 0.000000e+00 1.442742e-01 9.282982e-31
   5.000000e-01       4.2576574616    7.011269e-01 3.486415e-31 4.681676e-97 2.988731e-01 2.151264e-31
   5.050000e-01       5.3104814461    8.071641e-01 5.814503e-31 0.000000e+00 1.928359e-01 9.842585e-31
   5.100000e-01       4.7738716492    7.225209e-01 3.043090e-31 0.000000e+00 2.774791e-01 1.066881e-30
   5.150000e-01       4.9185712930    7.522182e-01 3.549970e-31 2.373892e-66 2.477818e-01 5.579419e-31
   5.200000e-01       5.2798291316    7.466554e-01 3.856193e-31 0.000000e+00 2.533446e-01 9.860761e-31
   5.250000e-01       4.5486745329    6.952395e-01 2.730969e-31 0.000000e+00 3.047605e-01 5.700753e-31
   5.300000e-01       5.7423620797    7.693801e-01 8.420647e-31 5.934730e-67 2.306199e-01 4.198527e-31
   5.350000e-01       4.2275271992    6.401565e-01 1.375595e-31 0.000000e+00 3.598435e-01 2.742524e-31
   5.400000e-01       6.1391942353    7.873000e-01 6.721496e-32 1.519291e-64 2.127000e-01 5.438826e-31
   5.450000e-01       3.9726206592    5.899615e-01 1.053014e-30 0.000000e+00 4.100385e-01 9.263723e-32
   5.500000e-01       6.4557347968    7.976548e-01 6.240013e-31 0.000000e+00 2.023452e-01 1.255899e-30
   5.550000e-01       3.7946614526    5.463897e-01 7.410316e-32 1.899114e-64 4.536103e-01 3.036349e-31
   5.600000e-01       6.6839614896    7.985418e-01 9.152982e-32 0.000000e+00 2.014582e-01 2.390079e-31
   5.650000e-01       3.6979953426    5.103643e-01 5.699189e-31 3.798227e-65 4.896357e-01 4.355039e-31
   5.700000e-01       6.8218490462    7.890401e-01 4.110416e-31 0.000000e+00 2.109599e-01 4.753195e-31
   5.750000e-01       3.6815640143    4.823922e-01 1.847396e-31 1.543030e-64 5.176078e-01 6.647468e-31
   5.800000e-01       6.8718325965    7.690618e-01 2.063152e-31 1.519291e-64 2.309382e-01 1.834256e-30
   5.850000e-01       3.7402684983    4.623064e-01 1.848038e-30 1.519291e-64 5.376936e-01 3.358822e-31
   5.900000e-01       6.8400009400    7.391212e-01 4.177342e-31 1.614247e-64 2.608788e-01 5.238529e-30
   5.950000e-01       3.8650348031    4.490153e-01 1.270777e-30 3.038582e-64 5.509847e-01 2.002967e-31
   6.000000e-01       6.7366807455    7.002349e-01 6.981496e-31 1.519291e-64 2.997651e-01 3.356041e-30
   6.050000e-01       4.0424299773    4.408295e-01 2.624272e-30 1.519291e-64 5.591705e-01 4.198527e-31
   6.100000e-01       6.5765183550    6.539888e-01 5.609271e-32 1.483682e-67 3.460112e-01 5.730219e-30
   6.150000e-01       4.2555324217    4.359358e-01 1.887411e-30 1.519291e-64 5.640642e-01 8.535722e-31
   6.200000e-01       6.3770813211    6.025585e-01 8.185202e-31 0.000000e+00 3.974415e-01 1.532270e-30
   6.250000e-01       4.4856695295    4.325080e-01 9.219261e-32 0.000000e+00 5.674920e-01 3.978806e-30
   6.300000e-01       6.1570865128    5.484614e-01 2.208079e-30 0.000000e+00 4.515386e-01 1.352966e-30
   6.350000e-01       4.7138438257    4.286412e-01 1.794196e-30 1.614247e-64 5.713588e-01 2.323442e-30
   6.400000e-01       5.9351314372    4.941569e-01 7.824090e-32 1.519291e-64 5.058431e-01 4.814825e-33
   6.450000e-01       4.9219713042    4.225186e-01 8.422092e-31 1.519291e-64 5.774814e-01 1.953663e-30
   6.500000e-01       5.7285304890    4.418231e-01 1.920537e-30 6.077163e-64 5.581769e-01 4.005934e-32
   6.550000e-01       5.0945545967    4.127888e-01 1.781485e-31 0.000000e+00 5.872112e-01 2.527013e-30
   6.600000e-01       5.5518909739    3.933827e-01 1.002863e-30 1.519291e-64 6.066173e-01 2.585862e-32
   6.650000e-01       5.2203294718    3.988046e-01 6.033939e-31 1.519662e-64 6.011954e-01 1.633189e-31
   6.700000e-01       5.4159665492    3.505259e-01 7.921350e-31 1.519291e-64 6.494741e-01 3.081488e-32
   6.750000e-01       5.2927625785    3.805184e-01 6.140948e-31 0.000000e+00 6.194816e-01 6.087865e-31
   6.800000e-01       5.3275033395    3.145628e-01 8.320506e-31 3.798227e-65 6.854372e-01 2.474940e-31
   6.850000e-01       5.3091611579    3.581674e-01 1.394373e-31 0.000000e+00 6.418326e-01 3.112303e-31
   6.900000e-01       5.2900274763    2.862733e-01 2.603857e-31 0.000000e+00 7.137267e-01 7.434090e-31
   6.950000e-01       5.2694324331    3.320314e-01 4.387750e-31 0.000000e+00 6.679686e-01 2.002967e-31
   7.000000e-01       5.3047279346    2.659847e-01 3.713193e-31 6.077163e-64 7.340153e-01 8.011869e-32
   7.050000e-01       5.1757312987    3.024118e-01 1.383299e-31 1.519291e-64 6.975882e-01 1.434818e-31
   7.100000e-01       5.3703964812    2.537933e-01 1.810856e-31 3.798227e-65 7.462067e-01 7.210682e-31
   7.150000e-01       5.0334296845    2.697479e-01 1.322729e-30 0.000000e+00 7.302521e-01 1.787263e-31
   7.200000e-01       5.4817449566    2.495653e-01 1.342373e-31 0.000000e+00 7.504347e-01 2.036864e-30
   7.250000e-01       4.8532489721    2.347498e-01 1.189888e-30 0.000000e+00 7.652502e-01 3.776749e-31
   7.300000e-01       5.6260875901    2.525077e-01 1.369144e-30 1.188707e-97 7.474923e-01 1.916878e-30
   7.350000e-01       4.6545246954    1.986580e-01 1.544716e-31 3.798227e-65 8.013420e-01 1.383588e-30
   7.400000e-01       5.7792340285    2.605345e-01 1.088536e-30 1.519291e-64 7.394655e-01 4.393046e-31
   7.450000e-01       4.4691993020    1.638370e-01 1.041736e-30 0.000000e+00 8.361630e-01 8.042683e-31
   7.500000e-01       5.9025087180    2.698319e-01 5.577493e-31 3.798227e-65 7.301681e-01 7.703720e-31
   7.550000e-01       4.3438121587    1.344707e-01 1.270343e-30 0.000000e+00 8.655293e-01 3.736304e-31
   7.600000e-01       5.9444075062    2.748547e-01 6.663718e-31 0.000000e+00 7.251453e-01 1.386670e-31
   7.650000e-01       4.3335735287    1.164646e-01 3.347748e-31 1.519291e-64 8.835354e-01 2.590376e-31
   7.700000e-01       5.8524218500    2.690705e-01 1.495304e-30 1.519291e-64 7.309295e-01 2.970747e-32
   7.750000e-01       4.4824910407    1.156820e-01 1.203003e-30 6.077163e-64 8.843180e-01 1.109456e-31
   7.800000e-01       5.5998562278    2.472586e-01 3.809971e-31 3.038582e-64 7.527414e-01 6.288161e-31
   7.850000e-01       4.7899577059    1.345235e-01 1.592022e-30 9.495568e-66 8.654765e-01 1.702522e-31
   7.900000e-01       5.2226228896    2.096458e-01 1.400536e-30 1.785918e-102 7.903542e-01 3.428155e-31
   7.950000e-01       5.1780068061    1.679647e-01 1.165573e-30 3.798227e-65 8.320353e-01 1.097010e-30
   8.000000e-01       4.8412467231    1.656584e-01 3.485933e-30 9.495568e-66 8.343416e-01 5.577493e-31
   8.050000e-01       5.4909439149    2.017048e-01 3.266377e-31 0.000000e+00 7.982952e-01 3.306437e-30
   8.100000e-01       4.6295346233    1.327928e-01 1.351232e-30 1.519291e-64 8.672072e-01 1.026135e-30
   8.150000e-01       5.5627047652    2.167326e-01 4.168675e-30 0.000000e+00 7.832674e-01 7.549645e-31
   8.200000e-01       4.7110325819    1.275032e-01 2.596154e-31 0.000000e+00 8.724968e-01 2.114671e-30
   8.250000e-01       5.3447533230    2.020390e-01 4.045994e-30 1.519291e-64 7.979610e-01 2.989043e-30
   8.300000e-01       5.0324138960    1.511232e-01 2.755621e-30 0.000000e+00 8.488768e-01 1.479885e-30
   8.350000e-01       4.9988643195    1.674677e-01 1.858522e-31 2.373892e-66 8.325323e-01 2.563798e-30
   8.400000e-01       5.3426001386    1.827708e-01 6.512147e-30 0.000000e+00 8.172292e-01 8.666685e-31
   8.450000e-01       4.8158725977    1.410551e-01 4.297135e-30 1.519291e-64 8.589449e-01 2.455946e-30
   8.500000e-01       5.3804325435    1.932322e-01 2.099264e-30 0.000000e+00 8.067678e-01 2.613872e-30
   8.550000e-01       4.9501697667    1.447071e-01 3.536970e-30 1.142987e-100 8.552929e-01 3.081488e-31
   8.600000e-01       5.1523946369    1.744909e-01 2.305146e-30 7.596454e-64 8.255091e-01 7.526534e-31
   8.650000e-01       5.2233333648    1.688118e-01 3.640200e-30 6.077163e-64 8.311882e-01 3.150821e-31
   8.700000e-01       4.9601874262    1.514119e-01 1.945189e-30 6.456986e-64 8.485881e-01 2.465190e-31
   8.750000e-01       5.3083867563    1.811056e-01 3.066273e-30 9.495568e-66 8.188944e-01 2.904302e-31
   8.800000e-01       5.0364077842    1.517664e-01 1.029410e-30 2.857468e-101 8.482336e-01 1.235677e-30
   8.850000e-01       5.1562834569    1.687061e-01 2.165708e-30 1.215433e-63 8.312939e-01 4.468157e-31
   8.900000e-01       5.2273693481    1.683699e-01 1.364521e-30 6.077163e-64 8.316301e-01 5.577493e-31
   8.950000e-01       5.0528365232    1.550803e-01 9.629650e-32 9.495568e-66 8.449197e-01 1.707144e-30
   9.000000e-01       5.2473516871    1.726475e-01 1.301929e-30 1.215433e-63 8.273525e-01 4.190824e-31
   9.050000e-01       5.1492481313    1.600576e-01 1.519174e-30 6.077163e-64 8.399424e-01 5.053640e-31
   9.100000e-01       5.1430338354    1.623824e-01 3.081488e-32 2.582794e-63 8.376176e-01 1.405929e-30
   9.150000e-01       5.2426816097    1.687781e-01 1.842152e-30 2.857468e-101 8.312219e-01 9.498686e-31
   9.200000e-01       5.1472826040    1.594754e-01 7.041681e-31 2.582794e-63 8.405246e-01 1.868152e-30
   9.250000e-01       5.2037090517    1.654707e-01 6.033939e-31 7.143671e-102 8.345293e-01 9.159723e-31
   9.300000e-01       5.2257467033    1.652653e-01 1.981605e-30 2.430865e-63 8.347347e-01 2.183312e-31
   9.350000e-01       5.1816509514    1.614313e-01 3.667934e-30 0.000000e+00 8.385687e-01 2.737565e-30
   9.400000e-01       5.2297812471    1.654274e-01 2.565820e-31 2.582794e-63 8.345726e-01 4.341816e-30
   9.450000e-01       5.2273516696    1.639363e-01 2.668569e-30 0.000000e+00 8.360637e-01 1.097010e-30
   9.500000e-01       5.2172667443    1.629237e-01 2.508524e-30 0.000000e+00 8.370763e-01 2.566879e-30
   9.550000e-01       5.2434377874    1.646333e-01 8.214091e-31 2.790497e-104 8.353667e-01 1.851974e-30
   9.600000e-01       5.2426479385    1.637737e-01 3.447607e-30 6.077163e-64 8.362263e-01 2.619265e-31
   9.650000e-01       5.2453051923    1.635955e-01 1.405351e-30 0.000000e+00 8.364045e-01 2.416657e-30
   9.700000e-01       5.2576135266    1.640872e-01 1.512171e-30 6.077163e-64 8.359128e-01 1.363751e-30
   9.750000e-01       5.2622674786    1.638537e-01 3.529074e-30 6.077163e-64 8.361463e-01 5.024751e-31
   9.800000e-01       5.2679173856    1.638266e-01 2.256420e-30 2.430865e-63 8.361734e-01 6.756162e-31
   9.850000e-01       5.2752764046    1.638892e-01 3.060688e-30 0.000000e+00 8.361108e-01 1.509929e-31
   9.900000e-01       5.2819149830    1.638751e-01 3.911179e-30 2.430865e-63 8.361249e-01 3.150821e-31
   9.950000e-01       5.2880972990    1.638743e-01 4.373450e-30 2.430865e-63 8.361257e-01 7.218385e-31
   1.000000e+00       5.2949883432    1.638743e-01 1.509523e-30 0.000000e+00 8.361257e-01 2.023683e-30
# --------------------------------------------------------
