# --------------------------------------------------------
#       t_k              <E(t_k)>       <Pn(t_k)>     State fidelity -->
# --------------------------------------------------------
   0.000000e+00       2.0077383824    1.000000e+00 0.000000e+00 0.000000e+00 0.000000e+00 0.000000e+00
   5.000000e-03       0.1783777828    1.000000e+00 4.652749e-46 0.000000e+00 1.861948e-15 2.546012e-45
   1.000000e-02       0.4836973907    1.000000e+00 5.675259e-44 0.000000e+00 5.148575e-12 5.184804e-43
   1.500000e-02       1.9528621205    1.000000e+00 6.871968e-42 0.000000e+00 6.600671e-11 4.663521e-41
   2.000000e-02      -0.6436068183    1.000000e+00 9.192518e-42 0.000000e+00 1.272575e-10 1.697253e-40
   2.500000e-02       2.3414350713    1.000000e+00 1.865409e-40 5.527148e-76 4.848331e-09 7.174648e-41
   3.000000e-02       0.1317395180    1.000000e+00 6.098451e-41 1.414950e-73 3.565618e-09 5.521609e-39
   3.500000e-02       0.9592033574    1.000000e+00 3.397913e-39 0.000000e+00 3.874729e-08 4.637693e-39
   4.000000e-02       1.9424064585    9.999999e-01 8.552181e-39 1.414950e-73 1.296744e-07 2.938736e-38
   4.500000e-02      -0.3699383382    9.999999e-01 4.431063e-38 7.074749e-73 7.226214e-08 2.710984e-37
   5.000000e-02       2.6296787120    9.999992e-01 4.417287e-37 0.000000e+00 8.385464e-07 4.481572e-38
   5.500000e-02       0.1116748100    9.999994e-01 3.115060e-37 0.000000e+00 6.298386e-07 5.679107e-37
   6.000000e-02       1.4361114359    9.999984e-01 1.340798e-36 2.263920e-72 1.616240e-06 2.938736e-39
   6.500000e-02       1.9030885809    9.999954e-01 5.208909e-37 0.000000e+00 4.618730e-06 7.523164e-37
   7.000000e-02      -0.0497241628    9.999987e-01 3.271548e-36 1.450324e-70 1.323433e-06 7.530511e-37
   7.500000e-02       2.8696963408    9.999884e-01 4.458062e-36 0.000000e+00 1.156724e-05 6.817867e-36
   8.000000e-02       0.1251583792    9.999923e-01 1.328309e-36 0.000000e+00 7.672556e-06 2.981054e-35
   8.500000e-02       1.9058675284    9.999893e-01 1.162050e-35 4.527840e-71 1.070103e-05 4.029595e-35
   9.000000e-02       1.8423067051    9.999682e-01 5.701148e-36 1.448909e-70 3.178297e-05 6.800235e-35
   9.500000e-02       0.3135937031    9.999962e-01 1.649825e-35 2.318254e-69 3.849254e-06 1.601611e-34
   1.000000e-01       3.0602510733    9.999397e-01 8.769188e-35 0.000000e+00 6.034352e-05 1.378620e-34
   1.050000e-01       0.1779266385    9.999701e-01 1.544600e-35 0.000000e+00 2.985242e-05 6.614742e-34
   1.100000e-01       2.3609394686    9.999478e-01 2.814251e-34 9.309238e-69 5.222393e-05 7.891799e-34
   1.150000e-01       1.7671716999    9.998655e-01 2.140810e-34 0.000000e+00 1.345238e-04 8.819029e-34
   1.200000e-01       0.7165244795    9.999892e-01 2.936649e-34 2.318254e-69 1.078256e-05 1.430342e-33
   1.250000e-01       3.2009473164    9.997544e-01 2.687768e-34 1.448909e-70 2.456139e-04 6.695616e-34
   1.300000e-01       0.2745799957    9.999105e-01 8.773963e-35 0.000000e+00 8.947404e-05 1.314344e-33
   1.350000e-01       2.7956812017    9.998098e-01 1.852579e-34 9.273015e-69 1.901745e-04 2.257701e-33
   1.400000e-01       1.6829545379    9.995946e-01 3.855621e-34 0.000000e+00 4.053828e-04 4.515403e-33
   1.450000e-01       1.1575179623    9.999756e-01 5.984589e-34 3.709206e-68 2.438280e-05 6.158286e-33
   1.500000e-01       3.2902849090    9.992587e-01 2.124638e-33 0.000000e+00 7.413410e-04 8.712999e-33
   1.550000e-01       0.4199204068    9.998204e-01 2.329360e-33 4.636508e-68 1.795671e-04 1.092788e-32
   1.600000e-01       3.2059062567    9.993909e-01 3.253063e-33 9.273015e-69 6.090573e-04 1.601606e-32
   1.650000e-01       1.5917968182    9.989988e-01 5.677168e-33 3.709206e-68 1.001208e-03 1.876352e-32
   1.700000e-01       1.6396561343    9.999117e-01 5.173680e-33 3.709206e-68 8.830683e-05 3.282996e-32
   1.750000e-01       3.3218257447    9.981260e-01 1.264644e-32 9.273015e-69 1.873967e-03 2.170583e-32
   1.800000e-01       0.6225783780    9.997273e-01 2.923925e-33 0.000000e+00 2.727489e-04 1.475292e-32
   1.850000e-01       3.5860633373    9.983350e-01 7.342608e-33 3.709206e-68 1.664986e-03 1.247341e-32
   1.900000e-01       1.4934117855    9.979700e-01 3.389185e-33 0.000000e+00 2.030044e-03 1.007803e-32
   1.950000e-01       2.1721079783    9.996242e-01 9.127290e-33 0.000000e+00 3.757924e-04 2.430659e-32
   2.000000e-01       3.2792641558    9.958606e-01 7.376462e-33 1.142987e-100 4.139421e-03 5.836771e-32
   2.050000e-01       0.9017638981    9.996943e-01 2.772474e-32 1.576413e-67 3.056514e-04 9.765443e-32
   2.100000e-01       3.9212689485    9.959464e-01 3.550651e-32 0.000000e+00 4.053612e-03 1.021232e-31
   2.150000e-01       1.3909571118    9.965246e-01 2.422840e-32 5.934730e-67 3.475402e-03 1.160079e-31
   2.200000e-01       2.7675121191    9.985944e-01 3.780507e-32 3.709206e-68 1.405559e-03 6.963440e-32
   2.250000e-01       3.1330142377    9.919644e-01 2.167875e-32 7.418412e-67 8.035629e-03 9.538469e-32
   2.300000e-01       1.2963623010    9.997587e-01 3.854804e-32 9.273015e-69 2.413298e-04 5.708295e-32
   2.350000e-01       4.1721713973    9.910420e-01 1.450466e-32 1.483682e-67 8.957972e-03 7.174089e-33
   2.400000e-01       1.3075651495    9.950496e-01 2.195635e-32 5.934730e-67 4.950449e-03 6.144920e-32
   2.450000e-01       3.4275502182    9.955175e-01 4.112462e-32 0.000000e+00 4.482532e-03 1.092913e-31
   2.500000e-01       2.8458540657    9.863530e-01 6.165383e-32 2.373892e-66 1.364695e-02 1.735263e-31
   2.550000e-01       1.8711703636    9.994996e-01 9.812557e-32 2.373892e-66 5.003637e-04 2.455297e-31
   2.600000e-01       4.2537453644    9.821006e-01 1.167144e-31 0.000000e+00 1.789944e-02 1.560003e-31
   2.650000e-01       1.3193778431    9.945176e-01 1.485272e-31 0.000000e+00 5.482409e-03 2.245401e-31
   2.700000e-01       4.1035100345    9.876462e-01 1.554827e-31 1.483682e-67 1.235379e-02 1.631383e-31
   2.750000e-01       2.4073796701    9.803886e-01 1.544987e-31 0.000000e+00 1.961142e-02 1.957828e-31
   2.800000e-01       2.6985062970    9.967529e-01 2.048986e-31 2.373892e-66 3.247061e-03 5.073140e-31
   2.850000e-01       4.0261126764    9.685067e-01 2.761422e-31 0.000000e+00 3.149330e-02 5.186529e-31
   2.900000e-01       1.5979620025    9.957066e-01 4.450644e-31 2.373892e-66 4.293381e-03 6.529143e-31
   2.950000e-01       4.6217516034    9.707873e-01 2.985793e-31 0.000000e+00 2.921273e-02 5.898160e-31
   3.000000e-01       1.9295992019    9.781284e-01 2.320384e-31 0.000000e+00 2.187162e-02 1.036632e-31
   3.050000e-01       3.7617543743    9.851740e-01 1.220107e-31 2.373892e-66 1.482604e-02 1.514262e-31
   3.100000e-01       3.3656913659    9.542705e-01 1.477677e-31 5.934730e-67 4.572946e-02 2.386348e-31
   3.150000e-01       2.3933825162    9.950649e-01 3.722981e-31 0.000000e+00 4.935089e-03 4.852019e-31
   3.200000e-01       4.6243043924    9.432943e-01 2.917423e-31 0.000000e+00 5.670568e-02 7.941091e-31
   3.250000e-01       1.7941136833    9.839696e-01 4.553019e-31 1.186946e-65 1.603038e-02 1.786420e-31
   3.300000e-01       4.7306332831    9.541727e-01 1.261966e-31 0.000000e+00 4.582727e-02 1.001965e-31
   3.350000e-01       2.4390050014    9.522219e-01 1.453716e-31 9.495568e-66 4.777809e-02 3.605341e-31
   3.400000e-01       3.7656239255    9.765821e-01 8.783444e-32 1.142987e-100 2.341794e-02 1.360188e-31
   3.450000e-01       3.7672245790    9.184884e-01 2.420053e-31 9.495568e-66 8.151161e-02 3.358822e-31
   3.500000e-01       2.5984437832    9.878993e-01 3.256296e-31 1.899114e-65 1.210068e-02 4.439750e-31
   3.550000e-01       4.8130651542    9.044661e-01 3.259636e-31 2.926048e-98 9.553387e-02 2.946673e-31
   3.600000e-01       2.0888647323    9.716645e-01 4.772695e-31 0.000000e+00 2.833553e-02 4.087305e-31
   3.650000e-01       4.9713115160    9.177280e-01 4.003075e-31 9.495568e-66 8.227197e-02 1.679411e-31
   3.700000e-01       2.5084649675    9.300667e-01 7.990683e-31 1.186946e-65 6.993331e-02 1.168077e-30
   3.750000e-01       4.3071761770    9.470308e-01 1.357107e-30 0.000000e+00 5.296915e-02 7.124496e-31
   3.800000e-01       3.5162901334    8.819615e-01 8.154869e-31 0.000000e+00 1.180385e-01 2.596154e-31
   3.850000e-01       3.3396153533    9.700146e-01 5.195467e-31 2.373892e-66 2.998537e-02 8.882389e-31
   3.900000e-01       4.5240038278    8.493140e-01 9.275070e-31 0.000000e+00 1.506860e-01 7.995807e-31
   3.950000e-01       2.6256562930    9.681249e-01 1.049927e-30 4.035616e-65 3.187515e-02 4.528132e-31
   4.000000e-01       5.0814622048    8.445281e-01 3.700193e-31 9.495568e-66 1.554719e-01 4.553380e-31
   4.050000e-01       2.4633498113    9.362352e-01 1.424033e-30 2.373892e-66 6.376484e-02 1.141162e-30
   4.100000e-01       5.0581520017    8.658491e-01 9.680807e-31 0.000000e+00 1.341509e-01 8.820759e-31
   4.150000e-01       2.8311304899    8.831484e-01 1.066736e-30 3.709206e-68 1.168516e-01 7.102830e-31
   4.200000e-01       4.5966808026    8.997958e-01 2.164195e-30 0.000000e+00 1.002042e-01 1.491633e-30
   4.250000e-01       3.5053082695    8.249680e-01 6.634829e-31 3.798227e-65 1.750320e-01 1.001484e-31
   4.300000e-01       3.9610731309    9.294591e-01 1.097615e-30 0.000000e+00 7.054094e-02 6.912163e-31
   4.350000e-01       4.2174543871    7.771930e-01 8.986871e-31 3.798227e-65 2.228070e-01 6.162976e-32
   4.400000e-01       3.3963974807    9.418814e-01 6.649273e-31 0.000000e+00 5.811858e-02 1.166343e-30
   4.450000e-01       4.7680665530    7.499545e-01 9.633502e-31 9.495568e-66 2.500455e-01 2.366968e-31
   4.500000e-01       3.0487849965    9.311379e-01 6.282654e-31 9.495568e-66 6.886213e-02 9.415871e-31
   4.550000e-01       5.0672349378    7.456650e-01 9.379467e-31 9.495568e-66 2.543350e-01 7.281971e-31
   4.600000e-01       2.9575618545    8.982628e-01 6.569829e-31 0.000000e+00 1.017372e-01 2.782969e-31
   4.650000e-01       5.1179132816    7.601816e-01 1.230910e-30 3.798227e-65 2.398184e-01 3.458970e-31
   4.700000e-01       3.0866812369    8.490128e-01 2.668572e-31 3.798227e-65 1.509872e-01 4.673241e-31
   4.750000e-01       4.9808296671    7.863638e-01 1.386874e-30 0.000000e+00 2.136362e-01 1.372995e-30
   4.800000e-01       3.3619485580    7.913391e-01 6.512051e-31 0.000000e+00 2.086609e-01 5.007418e-31
   4.850000e-01       4.7373028635    8.164315e-01 4.930381e-31 4.747784e-65 1.835685e-01 1.742774e-30
   4.900000e-01       3.7042529897    7.331222e-01 3.485933e-31 1.170419e-97 2.668778e-01 4.681966e-31
   4.950000e-01       4.4604025252    8.432225e-01 4.071052e-32 7.343694e-99 1.567775e-01 9.383680e-31
   5.000000e-01       4.0492871885    6.803073e-01 8.137054e-31 1.186946e-65 3.196927e-01 7.588164e-31
   5.050000e-01       4.2044967705    8.614132e-01 3.017090e-31 3.798227e-65 1.385868e-01 2.218671e-31
   5.100000e-01       4.3529467536    6.366294e-01 4.862973e-33 0.000000e+00 3.633706e-01 1.804596e-31
   5.150000e-01       4.0042178634    8.679788e-01 9.827058e-32 2.373892e-66 1.320212e-01 6.118679e-31
   5.200000e-01       4.5917121422    6.042503e-01 6.174951e-31 0.000000e+00 3.957497e-01 2.773809e-32
   5.250000e-01       3.8744949647    8.617563e-01 1.113188e-31 0.000000e+00 1.382437e-01 2.002967e-32
   5.300000e-01       4.7593486098    5.837432e-01 1.874411e-31 0.000000e+00 4.162568e-01 2.072301e-31
   5.350000e-01       3.8153022786    8.428410e-01 1.036150e-31 9.495568e-66 1.571590e-01 6.642532e-31
   5.400000e-01       4.8600597515    5.740420e-01 1.997189e-31 0.000000e+00 4.259580e-01 3.705489e-31
   5.450000e-01       3.8189129763    8.121869e-01 8.860481e-32 9.495568e-66 1.878131e-01 7.703720e-32
   5.500000e-01       4.9040607510    5.732337e-01 6.490384e-32 3.709206e-68 4.267663e-01 2.002967e-32
   5.550000e-01       3.8731661856    7.714493e-01 7.964924e-32 0.000000e+00 2.285507e-01 4.468157e-32
   5.600000e-01       4.9059723251    5.792654e-01 3.630378e-31 3.798227e-65 4.207346e-01 1.633189e-31
   5.650000e-01       3.9627712343    7.228585e-01 2.155597e-31 6.077163e-64 2.771415e-01 1.708685e-30
   5.700000e-01       4.8816483064    5.898402e-01 4.524009e-31 1.519291e-64 4.101598e-01 4.498972e-31
   5.750000e-01       4.0723359174    6.688536e-01 3.260599e-31 0.000000e+00 3.311464e-01 3.274081e-31
   5.800000e-01       4.8448820356    6.022489e-01 4.468157e-31 0.000000e+00 3.977511e-01 1.117039e-30
   5.850000e-01       4.1886836084    6.117108e-01 8.921870e-32 0.000000e+00 3.882892e-01 1.926700e-30
   5.900000e-01       4.8073165595    6.137417e-01 1.226673e-30 0.000000e+00 3.862583e-01 5.893346e-31
   5.950000e-01       4.3007292493    5.535540e-01 2.850376e-31 0.000000e+00 4.464460e-01 3.089192e-31
   6.000000e-01       4.7791824911    6.220013e-01 3.121210e-32 3.798227e-65 3.779987e-01 1.588170e-30
   6.050000e-01       4.3994913847    4.965085e-01 9.847280e-31 0.000000e+00 5.034915e-01 1.787263e-31
   6.100000e-01       4.7679019702    6.252504e-01 6.236643e-31 1.519291e-64 3.747496e-01 2.989043e-31
   6.150000e-01       4.4792992703    4.425055e-01 1.941819e-31 0.000000e+00 5.574945e-01 7.400386e-32
   6.200000e-01       4.7765852183    6.221776e-01 7.183719e-32 0.000000e+00 3.778224e-01 6.478828e-31
   6.250000e-01       4.5381841982    3.928639e-01 8.258869e-31 3.798227e-65 6.071361e-01 6.548162e-32
   6.300000e-01       4.8048652091    6.120175e-01 7.599720e-31 3.798227e-65 3.879825e-01 8.321943e-31
   6.350000e-01       4.5768560214    3.481688e-01 8.329647e-31 3.798227e-65 6.518312e-01 3.358822e-31
   6.400000e-01       4.8505729002    5.947720e-01 8.267054e-32 6.077163e-64 4.052280e-01 1.595151e-31
   6.450000e-01       4.5978353592    3.085262e-01 8.517425e-32 6.077163e-64 6.914738e-01 1.119350e-30
   6.500000e-01       4.9101010798    5.713200e-01 7.461053e-31 0.000000e+00 4.286800e-01 6.933348e-33
   6.550000e-01       4.6052438163    2.737964e-01 4.701195e-31 0.000000e+00 7.262036e-01 6.856311e-32
   6.600000e-01       4.9781870956    5.432423e-01 1.258904e-31 1.519291e-64 4.567577e-01 1.972182e-31
   6.650000e-01       4.6041995808    2.435931e-01 3.009266e-32 1.519291e-64 7.564069e-01 1.332744e-31
   6.700000e-01       5.0487630525    5.124209e-01 2.166671e-31 0.000000e+00 4.875791e-01 3.851860e-31
   6.750000e-01       4.5995846363    2.172674e-01 5.874086e-32 1.519291e-64 7.827326e-01 1.642433e-30
   6.800000e-01       5.1164839101    4.806328e-01 1.211518e-30 0.000000e+00 5.193672e-01 9.006732e-31
   6.850000e-01       4.5953165424    1.941435e-01 3.129636e-33 0.000000e+00 8.058565e-01 4.054083e-31
   6.900000e-01       5.1772528040    4.492926e-01 1.989486e-31 3.798227e-65 5.507074e-01 1.033069e-30
   6.950000e-01       4.5948423885    1.739246e-01 1.054639e-30 7.596454e-64 8.260754e-01 8.081202e-31
   7.000000e-01       5.2272228092    4.192820e-01 9.067760e-31 0.000000e+00 5.807180e-01 2.439190e-30
   7.050000e-01       4.6022631225    1.569618e-01 4.958096e-31 1.170419e-97 8.430382e-01 1.337517e-30
   7.100000e-01       5.2613779082    3.907154e-01 1.657503e-30 9.495568e-66 6.092846e-01 8.090832e-31
   7.150000e-01       4.6231912007    1.442330e-01 2.603857e-31 1.519291e-64 8.557670e-01 8.905500e-31
   7.200000e-01       5.2729300913    3.626918e-01 1.088150e-30 0.000000e+00 6.373082e-01 1.492211e-30
   7.250000e-01       4.6650107497    1.371843e-01 6.380606e-31 6.077163e-64 8.628157e-01 1.769544e-30
   7.300000e-01       5.2538696250    3.333451e-01 1.348632e-31 6.077163e-64 6.666549e-01 2.878302e-30
   7.350000e-01       4.7362259897    1.375848e-01 9.459476e-31 0.000000e+00 8.624152e-01 1.275784e-30
   7.400000e-01       5.1966662201    3.004309e-01 1.495340e-30 0.000000e+00 6.995691e-01 1.815189e-30
   7.450000e-01       4.8438634016    1.471458e-01 1.579263e-31 0.000000e+00 8.528542e-01 1.435973e-30
   7.500000e-01       5.0978441845    2.623579e-01 1.232595e-30 1.215433e-63 7.376421e-01 2.607709e-30
   7.550000e-01       4.9878679481    1.664332e-01 1.670937e-30 0.000000e+00 8.335668e-01 1.038461e-30
   7.600000e-01       4.9644848061    2.194657e-01 3.466674e-31 1.170419e-97 7.805343e-01 3.692393e-30
   7.650000e-01       5.1532151299    1.931395e-01 1.314255e-30 0.000000e+00 8.068605e-01 5.831716e-31
   7.700000e-01       4.8223249147    1.754452e-01 4.988640e-31 6.077163e-64 8.245548e-01 5.585197e-31
   7.750000e-01       5.3037329294    2.207436e-01 3.851860e-31 6.077163e-64 7.792564e-01 1.315988e-30
   7.800000e-01       4.7188552902    1.382417e-01 1.123061e-30 0.000000e+00 8.617583e-01 1.352966e-32
   7.850000e-01       5.3853860327    2.389921e-01 8.018730e-31 6.077163e-64 7.610079e-01 7.260756e-32
   7.900000e-01       4.7111567553    1.185608e-01 8.512610e-31 6.077163e-64 8.814392e-01 3.430466e-30
   7.950000e-01       5.3480746900    2.373589e-01 4.391891e-30 0.000000e+00 7.626411e-01 1.797278e-30
   8.000000e-01       4.8330776989    1.243838e-01 4.498972e-31 1.519291e-64 8.756162e-01 3.667741e-30
   8.050000e-01       5.1860524850    2.117207e-01 1.452151e-30 1.188707e-97 7.882793e-01 2.857310e-30
   8.100000e-01       5.0534370717    1.532366e-01 7.210682e-31 0.000000e+00 8.467634e-01 6.317050e-31
   8.150000e-01       4.9728351710    1.713167e-01 2.110819e-31 2.926048e-98 8.286833e-01 2.742524e-31
   8.200000e-01       5.2611582813    1.882267e-01 1.003217e-30 2.430865e-63 8.117733e-01 9.429353e-31
   8.250000e-01       4.8443486585    1.383166e-01 2.234271e-30 0.000000e+00 8.616834e-01 5.238529e-32
   8.300000e-01       5.3207702524    2.050338e-01 4.631862e-31 0.000000e+00 7.949662e-01 1.405929e-30
   8.350000e-01       4.9043091151    1.338504e-01 4.701195e-31 0.000000e+00 8.661496e-01 6.602088e-31
   8.400000e-01       5.1918550636    1.906806e-01 1.066387e-30 2.430865e-63 8.093194e-01 7.780757e-32
   8.450000e-01       5.1084004289    1.577467e-01 4.901492e-31 0.000000e+00 8.422533e-01 2.773339e-31
   8.500000e-01       5.0051175699    1.594771e-01 1.480077e-30 1.519291e-64 8.405229e-01 1.091617e-30
   8.550000e-01       5.2656248397    1.835847e-01 5.302085e-31 2.430865e-63 8.164153e-01 1.261099e-30
   8.600000e-01       4.9616222217    1.430654e-01 6.596310e-31 1.519291e-64 8.569346e-01 7.434090e-31
   8.650000e-01       5.2277012840    1.837257e-01 1.802670e-30 2.430865e-63 8.162743e-01 2.442079e-31
   8.700000e-01       5.1023507837    1.555492e-01 8.121647e-31 0.000000e+00 8.444508e-01 5.277048e-31
   8.750000e-01       5.0823155628    1.626042e-01 1.707144e-30 1.215433e-63 8.373958e-01 1.602374e-30
   8.800000e-01       5.2375122866    1.749310e-01 1.980819e-30 2.430865e-63 8.250690e-01 6.162976e-33
   8.850000e-01       5.0502258001    1.512023e-01 6.180309e-31 2.433239e-63 8.487977e-01 2.002967e-30
   8.900000e-01       5.2055659109    1.738058e-01 4.646884e-30 0.000000e+00 8.261942e-01 4.045994e-30
   8.950000e-01       5.1639064806    1.616730e-01 4.911892e-30 6.077163e-64 8.383270e-01 7.919424e-31
   9.000000e-01       5.1146750982    1.597850e-01 1.365484e-31 0.000000e+00 8.402150e-01 4.690025e-30
   9.050000e-01       5.2313586112    1.713406e-01 3.119236e-30 2.430865e-63 8.286594e-01 2.391235e-30
   9.100000e-01       5.1404712985    1.581544e-01 2.564568e-30 2.430865e-63 8.418456e-01 2.742524e-31
   9.150000e-01       5.1829107378    1.654972e-01 9.695613e-31 9.495568e-66 8.345028e-01 6.810088e-31
   9.200000e-01       5.2187414394    1.663385e-01 2.540687e-30 0.000000e+00 8.336615e-01 7.703720e-31
   9.250000e-01       5.1649240965    1.601079e-01 2.085280e-30 2.430865e-63 8.398921e-01 4.309389e-31
   9.300000e-01       5.2179281295    1.663261e-01 3.129636e-31 6.077163e-64 8.336739e-01 1.850096e-30
   9.350000e-01       5.2159263816    1.639033e-01 2.796643e-30 0.000000e+00 8.360967e-01 8.658981e-31
   9.400000e-01       5.2002960050    1.623086e-01 1.827322e-30 0.000000e+00 8.376914e-01 3.112303e-31
   9.450000e-01       5.2340588999    1.653443e-01 7.713349e-31 0.000000e+00 8.346557e-01 5.585197e-31
   9.500000e-01       5.2286250526    1.634940e-01 2.842865e-30 1.033118e-62 8.365060e-01 1.494522e-30
   9.550000e-01       5.2301161787    1.633890e-01 3.116155e-30 6.077163e-64 8.366110e-01 3.797934e-31
   9.600000e-01       5.2471681672    1.644413e-01 1.229706e-30 0.000000e+00 8.355587e-01 4.468157e-30
   9.650000e-01       5.2483137610    1.636995e-01 5.387259e-30 0.000000e+00 8.363005e-01 1.147084e-30
   9.700000e-01       5.2539239143    1.637530e-01 2.542047e-30 1.519291e-64 8.362470e-01 4.180050e-30
   9.750000e-01       5.2630444411    1.639960e-01 1.047706e-30 9.495568e-66 8.360040e-01 5.963449e-30
   9.800000e-01       5.2687722269    1.638532e-01 2.885813e-30 0.000000e+00 8.361468e-01 3.081488e-31
   9.850000e-01       5.2748021602    1.638588e-01 1.168077e-30 2.582794e-63 8.361412e-01 1.010728e-30
   9.900000e-01       5.2818045269    1.638754e-01 1.396299e-31 0.000000e+00 8.361246e-01 1.738730e-30
   9.950000e-01       5.2883374823    1.638733e-01 7.703720e-31 6.077163e-64 8.361267e-01 5.103714e-32
   1.000000e+00       5.2946873296    1.638733e-01 3.231048e-32 0.000000e+00 8.361267e-01 6.660347e-31
